     152
    0.000000000000e+00
    4.216882164419e-04
    1.044027059618e-03
    1.950888278462e-03
    3.146687105699e-03
    4.645966125990e-03
    6.447291246979e-03
    8.574105970216e-03
    1.101745939528e-02
    1.381153677783e-02
    1.693807455883e-02
    2.044252085076e-02
    2.429682212148e-02
    2.855646340712e-02
    3.318473664203e-02
    3.824411752077e-02
    4.369194625114e-02
    4.959312994162e-02
    5.590291834912e-02
    6.268323368448e-02
    6.989152916457e-02
    7.758138343330e-02
    8.571623978457e-02
    9.433705136153e-02
    1.034155355149e-01
    1.129776682048e-01
    1.230030356752e-01
    1.335026421918e-01
    1.444604400057e-01
    1.558754681999e-01
    1.677292738161e-01
    1.800144222286e-01
    1.927001903820e-01
    2.057797101282e-01
    2.192010445841e-01
    2.329733321076e-01
    2.470226058201e-01
    2.613841990801e-01
    2.759563668762e-01
    2.908034650185e-01
    3.057948817171e-01
    3.210236491974e-01
    3.363430855866e-01
    3.518749457170e-01
    3.674718295563e-01
    3.832705480835e-01
    3.991401345930e-01
    4.152113437440e-01
    4.313578046285e-01
    4.476323086356e-01
    4.638995000203e-01
    4.801075255820e-01
    4.961484941497e-01
    5.118397704339e-01
    5.272095507307e-01
    5.419530636319e-01
    5.562873777405e-01
    5.699563221372e-01
    5.830600345124e-01
    5.956769670963e-01
    6.075454025906e-01
    6.189175086304e-01
    6.298287453386e-01
    6.401319667137e-01
    6.499665547126e-01
    6.594347898993e-01
    6.685681010043e-01
    6.772162827939e-01
    6.855896996708e-01
    6.937401082808e-01
    7.017016920870e-01
    7.094254570210e-01
    7.169283632257e-01
    7.243315933400e-01
    7.316543757570e-01
    7.389132169712e-01
    7.460419066309e-01
    7.530506358383e-01
    7.600322990508e-01
    7.669945950000e-01
    7.739436540311e-01
    7.808485622144e-01
    7.876295539942e-01
    7.944070396422e-01
    8.011814638043e-01
    8.079523127205e-01
    8.147187858372e-01
    8.213630924360e-01
    8.279730985296e-01
    8.345756231690e-01
    8.411692410220e-01
    8.477523627000e-01
    8.542925949492e-01
    8.607172004801e-01
    8.671262485651e-01
    8.735176428475e-01
    8.798891484200e-01
    8.862383967901e-01
    8.925098483425e-01
    8.986937018084e-01
    9.048484967059e-01
    9.109714844217e-01
    9.170598417452e-01
    9.231107506981e-01
    9.290821968579e-01
    9.349598224386e-01
    9.407924480968e-01
    9.465771124860e-01
    9.523108378692e-01
    9.579906174583e-01
    9.636191380761e-01
    9.692312924601e-01
    9.747611381078e-01
    9.801750754332e-01
    9.854402621976e-01
    9.905218924148e-01
    9.953856752286e-01
    1.000000000000e+00
    1.004540630281e+00
    1.008747778533e+00
    1.012681441037e+00
    1.016361765460e+00
    1.019820199701e+00
    1.023096958809e+00
    1.026231642546e+00
    1.029310461382e+00
    1.032392681740e+00
    1.035480421535e+00
    1.038568755740e+00
    1.041612507524e+00
    1.044624186094e+00
    1.047673622963e+00
    1.050866612554e+00
    1.054259732081e+00
    1.057911521892e+00
    1.061896790303e+00
    1.066296020339e+00
    1.071204868335e+00
    1.076723885035e+00
    1.082821370943e+00
    1.089722990702e+00
    1.097551151118e+00
    1.106373211295e+00
    1.116098890356e+00
    1.126456780955e+00
    1.137532760111e+00
    1.149182101654e+00
    1.160921803197e+00
    1.172895995492e+00
    1.185015239750e+00
    1.196845629839e+00
    1.208646628000e+00
