     152
    0.000000000000e+00     4.000000000000e-03
    4.216882164419e-04     5.669354874006e-03
    1.044027059618e-03     6.443103765078e-03
    1.950888278462e-03     6.465390144754e-03
    3.146687105699e-03     6.486795386586e-03
    4.645966125990e-03     6.507580552890e-03
    6.447291246979e-03     6.527736327270e-03
    8.574105970216e-03     6.547526357619e-03
    1.101745939528e-02     6.566869309793e-03
    1.381153677783e-02     6.586028161243e-03
    1.693807455883e-02     6.604868016992e-03
    2.044252085076e-02     6.623646078289e-03
    2.429682212148e-02     6.642191740450e-03
    2.855646340712e-02     6.660746329166e-03
    3.318473664203e-02     6.679119387024e-03
    3.824411752077e-02     6.697523577426e-03
    4.369194625114e-02     6.715761477994e-03
    4.959312994162e-02     6.734003425269e-03
    5.590291834912e-02     6.752054739909e-03
    6.268323368448e-02     6.770028419001e-03
    6.989152916457e-02     6.787734510132e-03
    7.758138343330e-02     6.805214519402e-03
    8.571623978457e-02     6.822275021779e-03
    9.433705136153e-02     6.838873343197e-03
    1.034155355149e-01     6.854795020596e-03
    1.129776682048e-01     6.869838441272e-03
    1.230030356752e-01     6.883605181438e-03
    1.335026421918e-01     6.895678627146e-03
    1.444604400057e-01     6.905515353506e-03
    1.558754681999e-01     6.912490498236e-03
    1.677292738161e-01     6.915848725498e-03
    1.800144222286e-01     6.914660499018e-03
    1.927001903820e-01     6.907843823389e-03
    2.057797101282e-01     6.894135016586e-03
    2.192010445841e-01     6.873376428764e-03
    2.329733321076e-01     6.846669468534e-03
    2.470226058201e-01     6.815050466345e-03
    2.613841990801e-01     6.779075720753e-03
    2.759563668762e-01     6.739416214596e-03
    2.908034650185e-01     6.696142805396e-03
    3.057948817171e-01     6.649734852467e-03
    3.210236491974e-01     6.600880687671e-03
    3.363430855866e-01     6.552197939066e-03
    3.518749457170e-01     6.505359212820e-03
    3.674718295563e-01     6.462752827699e-03
    3.832705480835e-01     6.425925597855e-03
    3.991401345930e-01     6.397134285530e-03
    4.152113437440e-01     6.376327099673e-03
    4.313578046285e-01     6.355468300146e-03
    4.476323086356e-01     6.324279955662e-03
    4.638995000203e-01     6.273502042294e-03
    4.801075255820e-01     6.194160248637e-03
    4.961484941497e-01     6.078838953015e-03
    5.118397704339e-01     5.923312498549e-03
    5.272095507307e-01     5.733445549664e-03
    5.419530636319e-01     5.523457722665e-03
    5.562873777405e-01     5.298574780317e-03
    5.699563221372e-01     5.068817206322e-03
    5.830600345124e-01     4.837527313654e-03
    5.956769670963e-01     4.606714997760e-03
    6.075454025906e-01     4.384190149088e-03
    6.189175086304e-01     4.168977834799e-03
    6.298287453386e-01     3.964169819880e-03
    6.401319667137e-01     3.775137509969e-03
    6.499665547126e-01     3.601026292200e-03
    6.594347898993e-01     3.441231501849e-03
    6.685681010043e-01     3.296170849413e-03
    6.772162827939e-01     3.168557632281e-03
    6.855896996708e-01     3.055331526818e-03
    6.937401082808e-01     2.956091080092e-03
    7.017016920870e-01     2.870886137945e-03
    7.094254570210e-01     2.799499475424e-03
    7.169283632257e-01     2.739840342744e-03
    7.243315933400e-01     2.689424720227e-03
    7.316543757570e-01     2.646712569761e-03
    7.389132169712e-01     2.610561898475e-03
    7.460419066309e-01     2.580288814957e-03
    7.530506358383e-01     2.554884502156e-03
    7.600322990508e-01     2.533224681456e-03
    7.669945950000e-01     2.514636945700e-03
    7.739436540311e-01     2.498500920178e-03
    7.808485622144e-01     2.484689885403e-03
    7.876295539942e-01     2.472572777582e-03
    7.944070396422e-01     2.460368617499e-03
    8.011814638043e-01     2.448177597418e-03
    8.079523127205e-01     2.436565068012e-03
    8.147187858372e-01     2.424811923990e-03
    8.213630924360e-01     2.413062844303e-03
    8.279730985296e-01     2.401107853560e-03
    8.345756231690e-01     2.388840904328e-03
    8.411692410220e-01     2.376206589277e-03
    8.477523627000e-01     2.363151106242e-03
    8.542925949492e-01     2.349686810294e-03
    8.607172004801e-01     2.335918876557e-03
    8.671262485651e-01     2.322362710292e-03
    8.735176428475e-01     2.309111919879e-03
    8.798891484200e-01     2.294830774470e-03
    8.862383967901e-01     2.278383022991e-03
    8.925098483425e-01     2.260029084241e-03
    8.986937018084e-01     2.240945614588e-03
    9.048484967059e-01     2.222444835154e-03
    9.109714844217e-01     2.203472002596e-03
    9.170598417452e-01     2.183679238622e-03
    9.231107506981e-01     2.163077544754e-03
    9.290821968579e-01     2.141749855534e-03
    9.349598224386e-01     2.120599523703e-03
    9.407924480968e-01     2.099203310057e-03
    9.465771124860e-01     2.076322351336e-03
    9.523108378692e-01     2.051037881388e-03
    9.579906174583e-01     2.024091273096e-03
    9.636191380761e-01     1.997034105933e-03
    9.692312924601e-01     1.967265216595e-03
    9.747611381078e-01     1.936263816537e-03
    9.801750754332e-01     1.904883244720e-03
    9.854402621976e-01     1.872583153243e-03
    9.905218924148e-01     1.839561908709e-03
    9.953856752286e-01     1.806459372648e-03
    1.000000000000e+00     1.767029454970e-03
    1.004540630281e+00     1.691190093765e-03
    1.008747778533e+00     1.514425421386e-03
    1.012681441037e+00     1.297209103036e-03
    1.016361765460e+00     1.216888149975e-03
    1.019820199701e+00     1.151111899234e-03
    1.023096958809e+00     1.099566584334e-03
    1.026231642546e+00     1.078495620372e-03
    1.029310461382e+00     1.078362212171e-03
    1.032392681740e+00     1.079217033637e-03
    1.035480421535e+00     1.080698023378e-03
    1.038568755740e+00     1.083115762590e-03
    1.041612507524e+00     1.087075250661e-03
    1.044624186094e+00     1.105223802019e-03
    1.047673622963e+00     1.167307403855e-03
    1.050866612554e+00     1.262620525285e-03
    1.054259732081e+00     1.408262650984e-03
    1.057911521892e+00     1.649369233504e-03
    1.061896790303e+00     2.077201293611e-03
    1.066296020339e+00     2.861186521629e-03
    1.071204868335e+00     4.141460314243e-03
    1.076723885035e+00     5.715356533777e-03
    1.082821370943e+00     7.144402151678e-03
    1.089722990702e+00     8.372918340999e-03
    1.097551151118e+00     9.495246708009e-03
    1.106373211295e+00     1.052540459177e-02
    1.116098890356e+00     1.142737959749e-02
    1.126456780955e+00     1.216233831571e-02
    1.137532760111e+00     1.273176874377e-02
    1.149182101654e+00     1.312737685905e-02
    1.160921803197e+00     1.335492764041e-02
    1.172895995492e+00     1.344869593999e-02
    1.185015239750e+00     1.344057316381e-02
    1.196845629839e+00     1.336898175231e-02
    1.208646628000e+00     1.326832869574e-02
