1.72519 0.0255084
1.73165 0.0255084
1.73813 0.0255084
1.74461 0.0255084
1.75113 0.0255084
1.75765 0.0255084
1.76421 0.0255084
1.77076 0.0255084
1.77737 0.0255084
1.78395 0.0255084
1.7906 0.0255084
1.79722 0.0255084
1.8039 0.0255084
1.81056 0.0255084
1.81728 0.0255084
1.82398 0.0255084
1.83072 0.0255084
1.83746 0.0255084
1.84424 0.0255084
1.85102 0.0255084
1.85783 0.0255084
1.86465 0.0255084
1.87149 0.0255084
1.87834 0.0255084
1.88521 0.0255084
1.89209 0.0255084
1.89899 0.0255084
1.90589 0.0255084
1.9128 0.0255084
1.91972 0.0255084
1.92663 0.0255084
1.93353 0.0255084
1.94043 0.0255084
1.9473 0.0255084
1.95415 0.0255084
1.96096 0.0255084
1.96774 0.0255084
1.97447 0.0255084
1.98118 0.0255084
1.98781 0.0255084
1.99443 0.0255084
2.00096 0.0255084
2.00748 0.0255084
2.01393 0.0255084
2.02037 0.0255084
2.02675 0.0255084
2.03314 0.0255084
2.03948 0.0255084
2.04581 0.0255084
2.05208 0.0255084
2.05827 0.0255084
2.06436 0.0255084
2.07027 0.0255084
2.07603 0.0255084
2.08152 0.0255084
2.08684 0.0255084
2.0919 0.0255084
2.09673 0.0255084
2.10137 0.0255084
2.10572 0.0255084
2.10989 0.0255084
2.11388 0.0255084
2.11764 0.0255084
2.12123 0.0255084
2.12467 0.0255084
2.128 0.0255084
2.13114 0.0255084
2.13419 0.0255084
2.13715 0.0255084
2.14004 0.0255084
2.14284 0.0255084
2.14556 0.0255084
2.14824 0.0255084
2.1509 0.0255084
2.15353 0.0255084
2.15611 0.0255084
2.15864 0.0255084
2.16117 0.0255084
2.16369 0.0255084
2.1662 0.0255084
2.1687 0.0255084
2.17115 0.0255084
2.1736 0.0255084
2.17605 0.0255084
2.1785 0.0255084
2.18094 0.0255084
2.18334 0.0255084
2.18573 0.0255084
2.18811 0.0255084
2.1905 0.0255084
2.19287 0.0255084
2.19523 0.0255084
2.19755 0.0255084
2.19987 0.0255084
2.20217 0.0255084
2.20447 0.0255084
2.20676 0.0255084
2.20902 0.0255084
2.21124 0.0255084
2.21346 0.0255084
2.21566 0.0255084
2.21785 0.0255084
2.22003 0.0255084
2.22218 0.0255084
2.2243 0.0255084
2.2264 0.0255084
2.22848 0.0255084
2.23053 0.0255084
2.23255 0.0255084
2.23454 0.0255084
2.23651 0.0255084
2.23844 0.0255084
2.24032 0.0255084
2.24214 0.0255084
2.2439 0.0255084
2.24558 0.0255084
1.14258 -1.35236
1.52985 -1.25
