306
0 2397.264
0.004004 2385.252
0.008007999999999999 2373.247
0.012012 2361.25
0.016016 2349.262
0.02002 2337.282
0.024024 2325.312
0.028028 2313.351
0.032032 2301.4
0.036036 2289.459
0.04004 2277.528
0.044044 2265.608
0.048048 2253.699
0.052052 2241.801
0.056056 2229.915
0.06006 2218.04
0.064064 2206.178
0.068068 2194.329
0.072072 2182.492
0.076076 2170.669
0.08008 2158.859
0.08408400000000001 2147.062
0.088088 2135.28
0.09209199999999999 2123.512
0.096096 2111.759
0.1001 2100.021
0.104104 2088.299
0.108108 2076.592
0.112112 2064.901
0.116116 2053.226
0.12012 2041.568
0.124124 2029.926
0.128128 2018.302
0.132132 2006.696
0.136136 1995.107
0.14014 1983.536
0.144144 1971.984
0.148148 1960.451
0.152152 1948.937
0.156156 1937.442
0.16016 1925.966
0.164164 1914.511
0.168168 1903.076
0.172172 1891.662
0.176176 1880.269
0.18018 1868.897
0.184184 1857.546
0.188188 1846.217
0.195195 1826.446
0.2002 1812.366
0.205205 1798.322
0.21021 1784.315
0.216216 1767.556
0.222222 1750.851
0.228228 1734.203
0.234234 1717.611
0.24024 1701.077
0.246246 1684.603
0.252252 1668.188
0.258258 1651.834
0.264264 1635.543
0.27027 1619.315
0.276276 1603.151
0.282282 1587.053
0.288288 1571.02
0.294294 1555.056
0.3003 1539.159
0.301301 1536.517
0.308308 1518.073
0.315315 1499.725
0.322322 1481.476
0.329329 1463.326
0.336336 1445.278
0.343343 1427.334
0.35035 1409.494
0.357357 1391.761
0.364364 1374.135
0.371371 1356.62
0.378378 1339.216
0.385385 1321.926
0.392392 1304.75
0.399399 1287.691
0.406406 1270.75
0.413413 1253.929
0.42042 1237.229
0.427427 1220.653
0.434434 1204.202
0.441441 1187.877
0.448448 1171.68
0.455455 1155.613
0.462462 1139.678
0.469469 1123.876
0.476476 1108.209
0.483483 1092.678
0.49049 1077.286
0.497497 1062.033
0.504505 1046.922
0.511512 1031.954
0.518519 1017.131
0.525526 1002.455
0.532533 987.927
0.53954 973.549
0.546547 959.322
0.553554 945.2479999999999
0.560561 931.33
0.567568 917.5680000000001
0.5745749999999999 903.9639999999999
0.581582 890.52
0.588589 877.2379999999999
0.595596 864.1189999999999
0.602603 851.164
0.60961 838.3770000000001
0.616617 825.7569999999999
0.624625 811.543
0.6306310000000001 801.03
0.636637 790.643
0.642643 780.386
0.648649 770.2569999999999
0.654655 760.259
0.6606610000000001 750.3919999999999
0.666667 740.658
0.672673 731.058
0.678679 721.592
0.685686 710.72
0.6906910000000001 703.068
0.695696 695.5120000000001
0.700701 688.053
0.7057060000000001 680.6900000000001
0.710711 673.424
0.715716 666.2569999999999
0.7207209999999999 659.188
0.725726 652.2189999999999
0.730731 645.35
0.7357359999999999 638.5809999999999
0.740741 631.914
0.745746 625.3480000000001
0.7507509999999999 618.884
0.755756 612.524
0.760761 606.2670000000001
0.764765 601.336
0.768769 596.472
0.772773 591.6759999999999
0.7767770000000001 586.947
0.7807809999999999 582.287
0.784785 577.6940000000001
0.788789 573.17
0.792793 568.7149999999999
0.796797 564.329
0.800801 560.013
0.804805 555.766
0.808809 551.5889999999999
0.812813 547.4830000000001
0.816817 543.4480000000001
0.820821 539.4830000000001
0.822823 537.528
0.8258259999999999 534.628
0.828829 531.769
0.831832 528.95
0.834835 526.171
0.837838 523.434
0.8408409999999999 520.737
0.843844 518.081
0.846847 515.467
0.84985 512.894
0.852853 510.362
0.855856 507.871
0.858859 505.422
0.861862 503.015
0.864865 500.65
0.867868 498.326
0.870871 496.045
0.873874 493.805
0.876877 491.607
0.87988 489.452
0.882883 487.338
0.885886 485.266
0.888889 483.236
0.892893 480.592
0.894895 479.297
0.8968970000000001 478.02
0.898899 476.76
0.900901 475.516
0.902903 474.289
0.904905 473.077
0.906907 471.88
0.908909 470.696
0.910911 469.524
0.912913 468.362
0.914915 467.209
0.916917 466.062
0.918919 464.917
0.920921 463.77
0.922923 462.617
0.924925 461.452
0.9269269999999999 460.267
0.928929 459.053
0.930931 457.798
0.932933 456.49
0.934935 455.112
0.936937 453.641
0.938939 452.054
0.940941 450.32
0.942943 448.401
0.944945 446.252
0.946947 443.818
0.948949 441.034
0.950951 437.823
0.951952 436.029
0.9529530000000001 434.092
0.953954 432
0.954955 429.736
0.955956 427.285
0.9569569999999999 424.63
0.957958 421.754
0.958959 418.637
0.95996 415.261
0.960961 411.604
0.961962 407.647
0.962963 403.368
0.963964 398.747
0.964965 393.762
0.965966 388.395
0.966967 382.626
0.9679680000000001 376.44
0.968969 369.821
0.96997 362.758
0.970971 355.244
0.9719719999999999 347.275
0.972973 338.854
0.973974 329.986
0.974975 320.687
0.975976 310.976
0.976977 300.879
0.977978 290.431
0.978979 279.67
0.97998 268.645
0.980981 257.405
0.981982 246.009
0.9829830000000001 234.515
0.983984 222.987
0.984985 211.487
0.985986 200.078
0.9869869999999999 188.822
0.987988 177.776
0.988989 166.994
0.98999 156.523
0.990991 146.407
0.991992 136.68
0.992993 127.372
0.993994 118.504
0.994995 110.093
0.995996 102.147
0.996997 94.66800000000001
0.9979980000000001 87.65599999999999
0.998999 81.104
1 75
1.001001 69.33200000000001
1.002002 64.08199999999999
1.003003 59.231
1.004004 54.761
1.005005 50.651
1.006006 46.878
1.007007 43.421
1.008008 40.26
1.009009 37.374
1.01001 34.742
1.011011 32.345
1.012012 30.164
1.013013 28.183
1.014014 26.384
1.015015 24.753
1.016016 23.274
1.017017 21.935
1.018018 20.723
1.019019 19.627
1.02002 18.636
1.021021 17.74
1.022022 16.932
1.023023 16.201
1.024024 15.542
1.025025 14.947
1.026026 14.411
1.027027 13.927
1.028028 13.491
1.029029 13.097
1.03003 12.743
1.031031 12.424
1.032032 12.136
1.033033 11.877
1.034034 11.643
1.035035 11.433
1.036036 11.243
1.037037 11.073
1.038038 10.919
1.039039 10.781
1.04004 10.657
1.041041 10.544
1.042042 10.444
1.043043 10.353
1.044044 10.271
1.045045 10.197
1.046046 10.131
1.047047 10.071
1.048048 10.018
1.049049 9.969000000000001
1.05005 9.926
-1
