     361
    0.000000000000e+00
    2.352773214492e-04
    5.237899017288e-04
    9.301037221868e-04
    1.457088156643e-03
    2.107924541009e-03
    2.883036485274e-03
    3.782632635098e-03
    4.812028017229e-03
    5.975116824090e-03
    7.269822392968e-03
    8.697799386954e-03
    1.025985089893e-02
    1.195025604622e-02
    1.377235545414e-02
    1.572797195575e-02
    1.781710890338e-02
    2.004181305227e-02
    2.239980204464e-02
    2.488772454051e-02
    2.750779718256e-02
    3.025553248167e-02
    3.313245897807e-02
    3.614357031219e-02
    3.928436674408e-02
    4.255362367031e-02
    4.595121808968e-02
    4.946818566020e-02
    5.311106381898e-02
    5.688073224700e-02
    6.077184311750e-02
    6.479051653046e-02
    6.893569776176e-02
    7.319619465855e-02
    7.757847280610e-02
    8.207589210256e-02
    8.668982253094e-02
    9.142207236966e-02
    9.626371064852e-02
    1.012147428946e-01
    1.062766649659e-01
    1.114354174996e-01
    1.166910029988e-01
    1.220516522883e-01
    1.275055876424e-01
    1.330491270112e-01
    1.386829007400e-01
    1.443925143528e-01
    1.501717010072e-01
    1.560273803167e-01
    1.619440282596e-01
    1.679201293743e-01
    1.739581376306e-01
    1.800424925710e-01
    1.861572011775e-01
    1.923056751315e-01
    1.984796262819e-01
    2.046621912230e-01
    2.108562056986e-01
    2.170508233618e-01
    2.232365921121e-01
    2.294060536917e-01
    2.355642025806e-01
    2.416952585286e-01
    2.477960901612e-01
    2.538761944542e-01
    2.599359540176e-01
    2.659645037659e-01
    2.719604177547e-01
    2.779313958095e-01
    2.838819548908e-01
    2.898045089958e-01
    2.956962646883e-01
    3.015709927164e-01
    3.074262459434e-01
    3.132596459863e-01
    3.190733344762e-01
    3.248721819934e-01
    3.306586626999e-01
    3.364271174974e-01
    3.421753743125e-01
    3.479104195159e-01
    3.536355399517e-01
    3.593453962311e-01
    3.650325290950e-01
    3.706981584573e-01
    3.763466393496e-01
    3.819795928532e-01
    3.875910884880e-01
    3.931762911227e-01
    3.987342888906e-01
    4.042674713314e-01
    4.097725288429e-01
    4.152443319878e-01
    4.206770857230e-01
    4.260756289547e-01
    4.314450222377e-01
    4.367802971408e-01
    4.420787889695e-01
    4.473407546218e-01
    4.525711217721e-01
    4.577746864571e-01
    4.629528605048e-01
    4.681039779879e-01
    4.732245069859e-01
    4.783211463303e-01
    4.834013412756e-01
    4.884646432981e-01
    4.935114627523e-01
    4.985430338090e-01
    5.035635321194e-01
    5.085796251502e-01
    5.135941726744e-01
    5.186083580517e-01
    5.236201473160e-01
    5.286290626414e-01
    5.336389978432e-01
    5.386534284771e-01
    5.436735480885e-01
    5.486968745920e-01
    5.537170737746e-01
    5.587310731184e-01
    5.637395573184e-01
    5.687437982789e-01
    5.737446623661e-01
    5.787365748704e-01
    5.837128007416e-01
    5.886689054934e-01
    5.936019841787e-01
    5.985094678386e-01
    6.033881906938e-01
    6.082323064194e-01
    6.130362661038e-01
    6.177936523129e-01
    6.225015240612e-01
    6.271622094558e-01
    6.317764013030e-01
    6.363385836587e-01
    6.408449418305e-01
    6.452944849812e-01
    6.496876877853e-01
    6.540259722896e-01
    6.583114663690e-01
    6.625443852375e-01
    6.667241013307e-01
    6.708500755075e-01
    6.749206743269e-01
    6.789353934344e-01
    6.828961396295e-01
    6.868066362516e-01
    6.906689910299e-01
    6.944855376284e-01
    6.982583487538e-01
    7.019858582393e-01
    7.056678703751e-01
    7.093045140684e-01
    7.128995820123e-01
    7.164556762994e-01
    7.199743091946e-01
    7.234550853722e-01
    7.268990808354e-01
    7.303060082223e-01
    7.336768943289e-01
    7.370122624430e-01
    7.403117848529e-01
    7.435761111781e-01
    7.468052786269e-01
    7.500003856461e-01
    7.531634072910e-01
    7.562956953758e-01
    7.593964736111e-01
    7.624646583148e-01
    7.654993328287e-01
    7.685003080923e-01
    7.714677247433e-01
    7.744030252084e-01
    7.773069141579e-01
    7.801799319738e-01
    7.830226918298e-01
    7.858358786563e-01
    7.886193286015e-01
    7.913722565019e-01
    7.940940725956e-01
    7.967843713597e-01
    7.994428737912e-01
    8.020694312965e-01
    8.046640888128e-01
    8.072271553554e-01
    8.097592425494e-01
    8.122611857990e-01
    8.147340014938e-01
    8.171786829137e-01
    8.195959262529e-01
    8.219864559697e-01
    8.243511841475e-01
    8.266910553877e-01
    8.290067097866e-01
    8.312986428532e-01
    8.335674567509e-01
    8.358139129046e-01
    8.380389993201e-01
    8.402441183225e-01
    8.424309983392e-01
    8.446015612441e-01
    8.467574770696e-01
    8.489000288365e-01
    8.510303024974e-01
    8.531493225130e-01
    8.552581094900e-01
    8.573577145210e-01
    8.594491596445e-01
    8.615332753193e-01
    8.636108542526e-01
    8.656826566395e-01
    8.677492761363e-01
    8.698116168898e-01
    8.718704878163e-01
    8.739265402720e-01
    8.759803989926e-01
    8.780326460618e-01
    8.800837592177e-01
    8.821341579805e-01
    8.841841239664e-01
    8.862339245909e-01
    8.882837912454e-01
    8.903336731305e-01
    8.923835177155e-01
    8.944331551075e-01
    8.964823930844e-01
    8.985309436363e-01
    9.005781641549e-01
    9.026244970345e-01
    9.046698329053e-01
    9.067140097139e-01
    9.087567638638e-01
    9.107975342503e-01
    9.128359367349e-01
    9.148713445141e-01
    9.169030935297e-01
    9.189303829624e-01
    9.209522168556e-01
    9.229674058377e-01
    9.249747489947e-01
    9.269730255642e-01
    9.289603214341e-01
    9.309353947353e-01
    9.328972156030e-01
    9.348446678916e-01
    9.367761826064e-01
    9.386906178081e-01
    9.405869474340e-01
    9.424640497145e-01
    9.443202903327e-01
    9.461542118329e-01
    9.479646623331e-01
    9.497504016853e-01
    9.515102041938e-01
    9.532426341072e-01
    9.549467348246e-01
    9.566209089207e-01
    9.582647152799e-01
    9.598770919965e-01
    9.614579259486e-01
    9.630072375417e-01
    9.645248755511e-01
    9.660117721617e-01
    9.674680728755e-01
    9.688947034706e-01
    9.702923952216e-01
    9.716617858769e-01
    9.730039957698e-01
    9.743193619429e-01
    9.756092343082e-01
    9.768735984988e-01
    9.781141370727e-01
    9.793304506665e-01
    9.805249808053e-01
    9.816968286250e-01
    9.828485969284e-01
    9.839798035934e-01
    9.850918220494e-01
    9.861857974770e-01
    9.872611379562e-01
    9.883207434906e-01
    9.893636966432e-01
    9.903912697764e-01
    9.914047709800e-01
    9.924038633829e-01
    9.933905864788e-01
    9.943651992162e-01
    9.953276459286e-01
    9.962804818031e-01
    9.972233222852e-01
    9.981564309105e-01
    9.990820741669e-01
    1.000000000000e+00
    1.000918363177e+00
    1.001829384951e+00
    1.002734891228e+00
    1.003634910852e+00
    1.004529743826e+00
    1.005421246157e+00
    1.006309426565e+00
    1.007194439587e+00
    1.008078186070e+00
    1.008960666932e+00
    1.009842079857e+00
    1.010724207728e+00
    1.011607058825e+00
    1.012491115649e+00
    1.013377713736e+00
    1.014267002948e+00
    1.015159793314e+00
    1.016057065331e+00
    1.016959020332e+00
    1.017866740182e+00
    1.018781020344e+00
    1.019702043931e+00
    1.020630621754e+00
    1.021567815679e+00
    1.022513948854e+00
    1.023469465113e+00
    1.024436006246e+00
    1.025414018843e+00
    1.026403583493e+00
    1.027407326054e+00
    1.028425428426e+00
    1.029458411118e+00
    1.030509111050e+00
    1.031577421032e+00
    1.032665501902e+00
    1.033775440632e+00
    1.034906901521e+00
    1.036064689785e+00
    1.037248769583e+00
    1.038462454072e+00
    1.039708078353e+00
    1.040987577639e+00
    1.042305513259e+00
    1.043663121388e+00
    1.045066685404e+00
    1.046517735834e+00
    1.048023561440e+00
    1.049587298721e+00
    1.051216333020e+00
    1.052916974648e+00
    1.054695396722e+00
    1.056561954235e+00
    1.058524034411e+00
    1.060590986870e+00
    1.062775279388e+00
    1.065088121465e+00
    1.067542207540e+00
    1.070151702469e+00
    1.072932295435e+00
    1.075901197036e+00
    1.079076991368e+00
    1.082479509068e+00
    1.086129847082e+00
    1.090049521545e+00
    1.094261333096e+00
#    1.098787520319e+00
#    1.103649455933e+00
