         271
 0.326051200E+00
 0.326490500E+00
 0.326930600E+00
 0.327371200E+00
 0.327811800E+00
 0.328252400E+00
 0.328693000E+00
 0.329133600E+00
 0.329574200E+00
 0.330014800E+00
 0.330455400E+00
 0.330896000E+00
 0.331336600E+00
 0.331777200E+00
 0.332217800E+00
 0.332658400E+00
 0.333099000E+00
 0.333541200E+00
 0.333985000E+00
 0.334428900E+00
 0.334872700E+00
 0.335316600E+00
 0.335760400E+00
 0.336204300E+00
 0.336648100E+00
 0.337092000E+00
 0.337535800E+00
 0.337979700E+00
 0.338423500E+00
 0.338867400E+00
 0.339311200E+00
 0.339755100E+00
 0.340198900E+00
 0.340642800E+00
 0.341086600E+00
 0.341530500E+00
 0.341974300E+00
 0.342418200E+00
 0.342862000E+00
 0.343305900E+00
 0.343749700E+00
 0.344193600E+00
 0.344637400E+00
 0.345081300E+00
 0.345525100E+00
 0.345969000E+00
 0.346412800E+00
 0.346857800E+00
 0.347304300E+00
 0.347750900E+00
 0.348197400E+00
 0.348643900E+00
 0.349090400E+00
 0.349537000E+00
 0.349983500E+00
 0.350430000E+00
 0.350876500E+00
 0.351323100E+00
 0.351769600E+00
 0.352216100E+00
 0.352662600E+00
 0.353109200E+00
 0.353556400E+00
 0.354004300E+00
 0.354452300E+00
 0.354900200E+00
 0.355348100E+00
 0.355796100E+00
 0.356244000E+00
 0.356691900E+00
 0.357139900E+00
 0.357587800E+00
 0.358035700E+00
 0.358483700E+00
 0.358931600E+00
 0.359379500E+00
 0.359827500E+00
 0.360275400E+00
 0.360723300E+00
 0.361171300E+00
 0.361619200E+00
 0.362067100E+00
 0.362515100E+00
 0.362963000E+00
 0.363410900E+00
 0.363858900E+00
 0.364306800E+00
 0.364754700E+00
 0.365202700E+00
 0.365650600E+00
 0.366098500E+00
 0.366546500E+00
 0.366997000E+00
 0.367448600E+00
 0.367900100E+00
 0.368351700E+00
 0.368803200E+00
 0.369254700E+00
 0.369706300E+00
 0.370157800E+00
 0.370609300E+00
 0.371060900E+00
 0.371512400E+00
 0.371964000E+00
 0.372415500E+00
 0.372867000E+00
 0.373318600E+00
 0.373770100E+00
 0.374221700E+00
 0.374673200E+00
 0.375124800E+00
 0.375576300E+00
 0.376027900E+00
 0.376479400E+00
 0.376931000E+00
 0.377382500E+00
 0.377834000E+00
 0.378285600E+00
 0.378737100E+00
 0.379188700E+00
 0.379640200E+00
 0.380092000E+00
 0.380544500E+00
 0.380997100E+00
 0.381449600E+00
 0.381902200E+00
 0.382354700E+00
 0.382807300E+00
 0.383259800E+00
 0.383712300E+00
 0.384164900E+00
 0.384617400E+00
 0.385070000E+00
 0.385522500E+00
 0.385975100E+00
 0.386427600E+00
 0.386881200E+00
 0.387335900E+00
 0.387790600E+00
 0.388245300E+00
 0.388700100E+00
 0.389154800E+00
 0.389609500E+00
 0.390064200E+00
 0.390518900E+00
 0.390973600E+00
 0.391428400E+00
 0.391883100E+00
 0.392337800E+00
 0.392792500E+00
 0.393247200E+00
 0.393702000E+00
 0.394156700E+00
 0.394611400E+00
 0.395066100E+00
 0.395520800E+00
 0.395975500E+00
 0.396430300E+00
 0.396885000E+00
 0.397339700E+00
 0.397794400E+00
 0.398249100E+00
 0.398703800E+00
 0.399158600E+00
 0.399613300E+00
 0.400068300E+00
 0.400524700E+00
 0.400981100E+00
 0.401437500E+00
 0.401893900E+00
 0.402350300E+00
 0.402806700E+00
 0.403263100E+00
 0.403719500E+00
 0.404175900E+00
 0.404632300E+00
 0.405088700E+00
 0.405545100E+00
 0.406001500E+00
 0.406458000E+00
 0.406914900E+00
 0.407372400E+00
 0.407829900E+00
 0.408287300E+00
 0.408744800E+00
 0.409202300E+00
 0.409659700E+00
 0.410117200E+00
 0.410574700E+00
 0.411032100E+00
 0.411489600E+00
 0.411947100E+00
 0.412404500E+00
 0.412862000E+00
 0.413319500E+00
 0.413776900E+00
 0.414234400E+00
 0.414691900E+00
 0.415149300E+00
 0.415606800E+00
 0.416064300E+00
 0.416521700E+00
 0.416979200E+00
 0.417436700E+00
 0.417894100E+00
 0.418351600E+00
 0.418809100E+00
 0.419266500E+00
 0.419724000E+00
 0.420182300E+00
 0.420641900E+00
 0.421101500E+00
 0.421561000E+00
 0.422020600E+00
 0.422480200E+00
 0.422939800E+00
 0.423399400E+00
 0.423859000E+00
 0.424318500E+00
 0.424778100E+00
 0.425237700E+00
 0.425697300E+00
 0.426156900E+00
 0.426616400E+00
 0.427076200E+00
 0.427536100E+00
 0.427995900E+00
 0.428455700E+00
 0.428915500E+00
 0.429375300E+00
 0.429835200E+00
 0.430295000E+00
 0.430754800E+00
 0.431214600E+00
 0.431674400E+00
 0.432134200E+00
 0.432594100E+00
 0.433053900E+00
 0.433513800E+00
 0.433974000E+00
 0.434434100E+00
 0.434894300E+00
 0.435354400E+00
 0.435814600E+00
 0.436274700E+00
 0.436734900E+00
 0.437195100E+00
 0.437655200E+00
 0.438115400E+00
 0.438575500E+00
 0.439035700E+00
 0.439495800E+00
 0.439956000E+00
 0.440417600E+00
 0.440879400E+00
 0.441341200E+00
 0.441803000E+00
 0.442264800E+00
 0.442726600E+00
 0.443188400E+00
 0.443650200E+00
 0.444112000E+00
 0.444573800E+00
 0.445035600E+00
 0.445497400E+00
 0.445959100E+00
 0.446420900E+00
 0.446882700E+00
 0.447344500E+00
 0.447806300E+00
 0.448268100E+00
