89
0.000000e+00   2.841172e+03
6.700000e-02   2.779023e+03
1.160000e-01   2.719831e+03
1.555000e-01   2.658326e+03
1.895000e-01   2.596314e+03
2.200000e-01   2.534582e+03
2.480000e-01   2.473604e+03
2.740000e-01   2.413891e+03
2.985000e-01   2.355393e+03
3.220000e-01   2.297679e+03
3.445000e-01   2.241316e+03
3.660000e-01   2.186774e+03
3.870000e-01   2.133152e+03
4.075000e-01   2.080746e+03
4.275000e-01   2.029814e+03
4.475000e-01   1.979321e+03
4.675000e-01   1.929512e+03
4.870000e-01   1.881840e+03
5.065000e-01   1.835271e+03
5.260000e-01   1.789754e+03
5.455000e-01   1.744857e+03
5.645000e-01   1.701266e+03
5.825000e-01   1.659720e+03
6.000000e-01   1.618746e+03
6.165000e-01   1.579283e+03
6.320000e-01   1.541224e+03
6.470000e-01   1.503260e+03
6.610000e-01   1.466632e+03
6.745000e-01   1.430090e+03
6.870000e-01   1.395183e+03
6.990000e-01   1.360723e+03
7.105000e-01   1.326845e+03
7.215000e-01   1.293674e+03
7.320000e-01   1.261324e+03
7.420000e-01   1.229903e+03
7.515000e-01   1.199512e+03
7.605000e-01   1.170242e+03
7.695000e-01   1.140515e+03
7.780000e-01   1.112027e+03
7.860000e-01   1.084855e+03
7.940000e-01   1.057356e+03
8.015000e-01   1.031357e+03
8.090000e-01   1.005229e+03
8.165000e-01   9.790530e+02
8.235000e-01   9.546525e+02
8.305000e-01   9.303488e+02
8.375000e-01   9.062094e+02
8.445000e-01   8.823002e+02
8.510000e-01   8.603638e+02
8.575000e-01   8.387371e+02
8.640000e-01   8.174731e+02
8.705000e-01   7.966259e+02
8.770000e-01   7.762484e+02
8.835000e-01   7.563943e+02
8.900000e-01   7.371166e+02
8.965000e-01   7.184692e+02
9.030000e-01   7.005050e+02
9.100000e-01   6.819847e+02
9.170000e-01   6.643856e+02
9.245000e-01   6.420273e+02
9.320000e-01   6.208535e+02
9.400000e-01   5.906177e+02
9.485000e-01   5.560581e+02
9.575000e-01   5.241898e+02
9.670000e-01   4.881987e+02
9.770000e-01   4.517522e+02
9.875000e-01   4.138981e+02
9.985000e-01   3.666444e+02
1.010000e+00   3.180148e+02
1.022000e+00   2.874689e+02
1.034000e+00   2.578467e+02
1.046000e+00   2.368786e+02
1.057000e+00   2.210707e+02
1.067000e+00   2.061029e+02
1.077500e+00   1.891782e+02
1.095000e+00   1.717272e+02
1.109500e+00   1.545838e+02
1.122000e+00   1.384631e+02
1.133000e+00   1.256381e+02
1.142500e+00   1.174396e+02
1.151000e+00   1.122827e+02
1.158500e+00   1.088288e+02
1.165500e+00   1.063253e+02
1.171500e+00   1.048529e+02
1.177500e+00   1.042886e+02
1.183000e+00   1.044345e+02
1.188000e+00   1.060758e+02
1.193000e+00   1.076948e+02
1.198000e+00   1.122968e+02
-1