      75
    0.000000000000e+00     3.546760000000e+18
    1.562500000000e-02     3.571560000000e+18
    3.125000000000e-02     3.589760000000e+18
    4.687500000000e-02     3.601540000000e+18
    6.250000000000e-02     3.607110000000e+18
    7.812500000000e-02     3.606660000000e+18
    9.375000000000e-02     3.600400000000e+18
    1.093750000000e-01     3.588530000000e+18
    1.250000000000e-01     3.571240000000e+18
    1.406250000000e-01     3.548730000000e+18
    1.562500000000e-01     3.521200000000e+18
    1.718750000000e-01     3.488850000000e+18
    1.875000000000e-01     3.451890000000e+18
    2.031250000000e-01     3.410500000000e+18
    2.187500000000e-01     3.364890000000e+18
    2.343750000000e-01     3.315250000000e+18
    2.500000000000e-01     3.261790000000e+18
    2.656250000000e-01     3.204710000000e+18
    2.812500000000e-01     3.144200000000e+18
    2.968750000000e-01     3.080460000000e+18
    3.125000000000e-01     3.013700000000e+18
    3.281250000000e-01     2.944100000000e+18
    3.437500000000e-01     2.871880000000e+18
    3.593750000000e-01     2.797230000000e+18
    3.750000000000e-01     2.720340000000e+18
    3.906250000000e-01     2.641420000000e+18
    4.062500000000e-01     2.560670000000e+18
    4.218750000000e-01     2.478280000000e+18
    4.375000000000e-01     2.394460000000e+18
    4.531250000000e-01     2.309400000000e+18
    4.687500000000e-01     2.223300000000e+18
    4.843750000000e-01     2.136370000000e+18
    5.000000000000e-01     2.048790000000e+18
    5.156250000000e-01     1.960780000000e+18
    5.312500000000e-01     1.872520000000e+18
    5.468750000000e-01     1.784230000000e+18
    5.625000000000e-01     1.696080000000e+18
    5.781250000000e-01     1.608300000000e+18
    5.937500000000e-01     1.521070000000e+18
    6.093750000000e-01     1.434590000000e+18
    6.250000000000e-01     1.349070000000e+18
    6.406250000000e-01     1.264700000000e+18
    6.562500000000e-01     1.181680000000e+18
    6.718750000000e-01     1.100210000000e+18
    6.875000000000e-01     1.020490000000e+18
    7.031250000000e-01     9.427200000000e+17
    7.187500000000e-01     8.670960000000e+17
    7.343750000000e-01     7.938180000000e+17
    7.500000000000e-01     7.230870000000e+17
    7.656250000000e-01     6.550990000000e+17
    7.812500000000e-01     5.900560000000e+17
    7.968750000000e-01     5.281550000000e+17
    8.125000000000e-01     4.695950000000e+17
    8.281250000000e-01     4.145770000000e+17
    8.437500000000e-01     3.632990000000e+17
    8.593750000000e-01     3.159590000000e+17
    8.750000000000e-01     2.727580000000e+17
    8.906250000000e-01     2.338930000000e+17
    9.062500000000e-01     1.995650000000e+17
    9.218750000000e-01     1.699720000000e+17
    9.375000000000e-01     1.453130000000e+17
    9.531250000000e-01     1.257870000000e+17
    9.687500000000e-01     1.115940000000e+17
    9.843750000000e-01     1.029320000000e+17
    1.000000000000e+00     1.000000000000e+17
    1.020000000298e+00     8.009224440082e+16
    1.040000000596e+00     4.310931278456e+16
    1.060000000894e+00     1.948599976504e+16
    1.080000001192e+00     1.164842349287e+16
    1.100000001490e+00     1.017374296313e+16
    1.120000001788e+00     1.001110704152e+16
    1.140000002086e+00     1.000043066771e+16
    1.160000002384e+00     1.000001012836e+16
    1.180000002682e+00     1.000000014447e+16
    1.200000002980e+00     1.000000000125e+16
      -1
