     104
    0.000000000000e+00
    1.522616444425e-03
    3.835782039368e-03
    7.198956253850e-03
    1.161213908787e-02
    1.700531361324e-02
    2.320546191916e-02
    3.036736944768e-02
    3.849103619879e-02
    4.757646217250e-02
    5.724573622559e-02
    6.751792083219e-02
    7.863728487656e-02
    9.060382835872e-02
    1.034175512787e-01
    1.159284392711e-01
    1.290153134946e-01
    1.428018939658e-01
    1.572881806847e-01
    1.721273432400e-01
    1.862765768335e-01
    2.009846181481e-01
    2.162514671837e-01
    2.320771239405e-01
    2.474901029860e-01
    2.624845243989e-01
    2.779199114484e-01
    2.937962641344e-01
    3.101135824570e-01
    3.251886907801e-01
    3.402817994900e-01
    3.557172693363e-01
    3.714951003191e-01
    3.873330955075e-01
    4.018396213608e-01
    4.166128278373e-01
    4.316527149371e-01
    4.469592826601e-01
    4.617097687853e-01
    4.757194352800e-01
    4.899384847498e-01
    5.043669171945e-01
    5.190047326142e-01
    5.326124301559e-01
    5.460268665022e-01
    5.596081371753e-01
    5.733562421752e-01
    5.871477291665e-01
    5.997601219905e-01
    6.125065411784e-01
    6.253869867302e-01
    6.384014586458e-01
    6.510631179634e-01
    6.631044798855e-01
    6.752561758628e-01
    6.875182058953e-01
    6.998905699830e-01
    7.115945739538e-01
    7.230751411401e-01
    7.346475800176e-01
    7.463118905864e-01
    7.580463091335e-01
    7.689217602330e-01
    7.798746700161e-01
    7.909050384829e-01
    8.020128656332e-01
    8.129221317942e-01
    8.233537425268e-01
    8.338518576979e-01
    8.444164773075e-01
    8.550476013555e-01
    8.652605928975e-01
    8.752689311031e-01
    8.853348194164e-01
    8.954582578375e-01
    9.056380304159e-01
    9.152329574169e-01
    9.248502456474e-01
    9.345177994662e-01
    9.442356188731e-01
    9.538388550109e-01
    9.630485350561e-01
    9.723024632384e-01
    9.816006395578e-01
    9.909430640142e-01
    1.000000000000e+00
    1.008863239876e+00
    1.017765585154e+00
    1.026707035834e+00
    1.035687591914e+00
    1.044240651528e+00
    1.052775410931e+00
    1.061344906559e+00
    1.069949138410e+00
    1.078485711934e+00
    1.086669637729e+00
    1.094884497509e+00
    1.103130291272e+00
    1.111407019019e+00
    1.119473383191e+00
    1.127347668759e+00
    1.135249550900e+00
    1.143179029616e+00
    1.151136104906e+00
