         112
   0.0
   1.430435515131e-03
   3.425649966810e-03
   6.355109182542e-03
   1.026338755878e-02
   1.519008787418e-02
   2.116596134218e-02
   2.821732311623e-02
   3.635473997917e-02
   4.556885731416e-02
   5.584965080815e-02
   6.717919579031e-02
   7.953279545539e-02
   9.287564876494e-02
   1.071680983643e-01
   1.223726666109e-01
   1.384503299056e-01
   1.553609961337e-01
   1.730418573853e-01
   1.914650451425e-01
   2.105955587421e-01
   2.303973318661e-01
   2.508171010592e-01
   2.718054853617e-01
   2.933566751384e-01
   3.154413949111e-01
   3.380012706063e-01
   3.609605822484e-01
   3.843086893947e-01
   4.079832220104e-01
   4.318470670375e-01
   4.558345427711e-01
   4.798960726370e-01
   5.038966336086e-01
   5.276803921248e-01
   5.512455160648e-01
   5.744205968634e-01
   5.970811184420e-01
   6.192569320701e-01
   6.406481685482e-01
   6.613977517920e-01
   6.812701525244e-01
   7.003482235403e-01
   7.184531105471e-01
   7.357290673630e-01
   7.519198097053e-01
   7.672745944876e-01
   7.816144224474e-01
   7.950105749229e-01
   8.075750596141e-01
   8.191941431386e-01
   8.299591984737e-01
   8.400117436797e-01
   8.493973435274e-01
   8.580432505395e-01
   8.660812437686e-01
   8.736152085778e-01
   8.806873347633e-01
   8.873372847663e-01
   8.935648903072e-01
   8.993565909612e-01
   9.048412711216e-01
   9.100471274097e-01
   9.149991982038e-01
   9.197204248075e-01
   9.242317233003e-01
   9.285528401958e-01
   9.326794993767e-01
   9.365942007512e-01
   9.403732764076e-01
   9.440290391963e-01
   9.475743559154e-01
   9.510203248416e-01
   9.543770941243e-01
   9.576555807427e-01
   9.608649709483e-01
   9.640139793718e-01
   9.671110063871e-01
   9.701645129292e-01
   9.731784184376e-01
   9.761614711354e-01
   9.791251494564e-01
   9.820771005530e-01
   9.850250399496e-01
   9.879770255140e-01
   9.909418376864e-01
   9.939279312973e-01
   9.969441839455e-01
   1.000000000000e+00
   1.003060492208e+00
   1.006169848867e+00
   1.009337893573e+00
   1.012540330704e+00
   1.015749997077e+00
   1.019037424449e+00
   1.022418463080e+00
   1.025903796792e+00
   1.029504066159e+00
   1.033229763305e+00
   1.037092482624e+00
   1.041103665486e+00
   1.045275016748e+00
   1.049618453484e+00
   1.054059244530e+00
   1.058620400327e+00
   1.063375641441e+00
   1.068336859528e+00
   1.073516759026e+00
   1.078928970858e+00
   1.084588091757e+00
   1.090492176697e+00
   1.096515053209e+00
