     111
    1.430435515131e-03     1.548658027355e-02
    3.425649966810e-03     1.569434080060e-02
    6.355109182542e-03     1.586927639714e-02
    1.026338755878e-02     1.601202072037e-02
    1.519008787418e-02     1.612408339839e-02
    2.116596134218e-02     1.620712338549e-02
    2.821732311623e-02     1.626307813929e-02
    3.635473997917e-02     1.629397105831e-02
    4.556885731416e-02     1.630194133028e-02
    5.584965080815e-02     1.628932198583e-02
    6.717919579031e-02     1.625838314173e-02
    7.953279545539e-02     1.621139281112e-02
    9.287564876494e-02     1.615053391476e-02
    1.071680983643e-01     1.607792523311e-02
    1.223726666109e-01     1.599554233665e-02
    1.384503299056e-01     1.590524768605e-02
    1.553609961337e-01     1.580880818636e-02
    1.730418573853e-01     1.570804456646e-02
    1.914650451425e-01     1.560453362097e-02
    2.105955587421e-01     1.549990204135e-02
    2.303973318661e-01     1.539584709415e-02
    2.508171010592e-01     1.529429064589e-02
    2.718054853617e-01     1.519733540424e-02
    2.933566751384e-01     1.510720829004e-02
    3.154413949111e-01     1.502628335763e-02
    3.380012706063e-01     1.495333119159e-02
    3.609605822484e-01     1.488560116094e-02
    3.843086893947e-01     1.482125321421e-02
    4.079832220104e-01     1.475973689150e-02
    4.318470670375e-01     1.470153925284e-02
    4.558345427711e-01     1.464761260172e-02
    4.798960726370e-01     1.459898831183e-02
    5.038966336086e-01     1.455650637857e-02
    5.276803921248e-01     1.451986686375e-02
    5.512455160648e-01     1.448678204464e-02
    5.744205968634e-01     1.445316570629e-02
    5.970811184420e-01     1.441253809020e-02
    6.192569320701e-01     1.435612739773e-02
    6.406481685482e-01     1.427474272547e-02
    6.613977517920e-01     1.415728855869e-02
    6.812701525244e-01     1.399531278695e-02
    7.003482235403e-01     1.377981675469e-02
    7.184531105471e-01     1.350750360423e-02
    7.357290673630e-01     1.317330204249e-02
    7.519198097053e-01     1.278351084503e-02
    7.672745944876e-01     1.233599401944e-02
    7.816144224474e-01     1.184247874076e-02
    7.950105749229e-01     1.130959352344e-02
    8.075750596141e-01     1.074324939441e-02
    8.191941431386e-01     1.030315174613e-02
    8.299591984737e-01     9.895402242771e-03
    8.400117436797e-01     9.514640585014e-03
    8.493973435274e-01     9.159140909677e-03
    8.580432505395e-01     8.831658683109e-03
    8.660812437686e-01     8.527202491743e-03
    8.736152085778e-01     8.241837455183e-03
    8.806873347633e-01     7.993751459616e-03
    8.873372847663e-01     7.933297376541e-03
    8.935648903072e-01     7.876682788077e-03
    8.993565909612e-01     7.824030970797e-03
    9.048412711216e-01     7.774170248550e-03
    9.100471274097e-01     7.726844288450e-03
    9.149991982038e-01     7.681825468903e-03
    9.197204248075e-01     7.638905232633e-03
    9.242317233003e-01     7.597893433486e-03
    9.285528401958e-01     7.558610557727e-03
    9.326794993767e-01     7.521095479143e-03
    9.365942007512e-01     7.485507289457e-03
    9.403732764076e-01     7.451152060685e-03
    9.440290391963e-01     7.417917857837e-03
    9.475743559154e-01     7.385687710037e-03
    9.510203248416e-01     7.354360723872e-03
    9.543770941243e-01     7.323844643453e-03
    9.576555807427e-01     7.294040223525e-03
    9.608649709483e-01     7.264863952723e-03
    9.640139793718e-01     7.236236607141e-03
    9.671110063871e-01     7.208081819755e-03
    9.701645129292e-01     7.180322672982e-03
    9.731784184376e-01     7.152923535560e-03
    9.761614711354e-01     7.125804878197e-03
    9.791251494564e-01     7.098862351510e-03
    9.820771005530e-01     7.072026435940e-03
    9.850250399496e-01     7.045226990365e-03
    9.879770255140e-01     7.018390761451e-03
    9.909418376864e-01     7.017124145949e-03
    9.939279312973e-01     7.071416749995e-03
    9.969441839455e-01     7.126257700103e-03
    1.000000000000e+00     7.181817984778e-03
    1.003060492208e+00     7.237463290414e-03
    1.006169848867e+00     7.293997040499e-03
    1.009337893573e+00     7.351597845844e-03
    1.012540330704e+00     7.409823967927e-03
    1.015749997077e+00     7.468181530756e-03
    1.019037424449e+00     7.527952929746e-03
    1.022418463080e+00     7.589426351406e-03
    1.025903796792e+00     7.652796047020e-03
    1.029504066159e+00     7.718255481544e-03
    1.033229763305e+00     7.785995420843e-03
    1.037092482624e+00     7.856226672055e-03
    1.041103665486e+00     7.929157260062e-03
    1.045275016748e+00     8.005000000417e-03
    1.049618453484e+00     8.083971567165e-03
    1.054059244530e+00     8.164713212047e-03
    1.058620400327e+00     8.247643306662e-03
    1.063375641441e+00     8.334102224764e-03
    1.068336859528e+00     8.424306178251e-03
    1.073516759026e+00     8.518486156876e-03
    1.078928970858e+00     8.616889995570e-03
    1.084588091757e+00     8.719783089444e-03
    1.090492176697e+00     8.827130074393e-03
    1.096515053209e+00     8.936636905825e-03
