99
0.000000e+00
3.169413e-03
6.399137e-03
9.690319e-03
1.304413e-02
1.646176e-02
1.994442e-02
2.570037e-02
3.163534e-02
3.771835e-02
4.547207e-02
5.430854e-02
6.404592e-02
7.519443e-02
8.746175e-02
1.006422e-01
1.152106e-01
1.308898e-01
1.475262e-01
1.650249e-01
1.835203e-01
2.028357e-01
2.233385e-01
2.442548e-01
2.661424e-01
2.888709e-01
3.119772e-01
3.358733e-01
3.607156e-01
3.859321e-01
4.116560e-01
4.376521e-01
4.641576e-01
4.916883e-01
5.195999e-01
5.477370e-01
5.762101e-01
6.050432e-01
6.337381e-01
6.624657e-01
6.912301e-01
7.193749e-01
7.467436e-01
7.731234e-01
7.982743e-01
8.212898e-01
8.410120e-01
8.575125e-01
8.714197e-01
8.833613e-01
8.937305e-01
9.028884e-01
9.110047e-01
9.183813e-01
9.250817e-01
9.312593e-01
9.369820e-01
9.422754e-01
9.472080e-01
9.518607e-01
9.562495e-01
9.603888e-01
9.642990e-01
9.680758e-01
9.717235e-01
9.752468e-01
9.786498e-01
9.819366e-01
9.851579e-01
9.883469e-01
9.915039e-01
9.946293e-01
9.977234e-01
1.000
1.0022
1.0046
1.0072
1.01
1.01304
1.0162
1.019561e+00
1.022788e+00
1.026126e+00
1.029597e+00
1.033208e+00
1.036963e+00
1.040857e+00
1.044899e+00
1.049254e+00
1.053944e+00
1.058997e+00
1.064441e+00
1.07041
1.075
1.08
1.085
1.09
1.095
1.1
