      71
    0.000000000000e+00
    7.720631982332e-04
    2.005778822599e-03
    3.895068959826e-03
    6.534159434695e-03
    9.991965687785e-03
    1.437206420768e-02
    1.976519686625e-02
    2.627596749732e-02
    3.403040637411e-02
    4.312769803657e-02
    5.372325246107e-02
    6.592854942550e-02
    7.987458481237e-02
    9.570116262114e-02
    1.134792503019e-01
    1.332832565598e-01
    1.551737307083e-01
    1.791226371741e-01
    2.050282291189e-01
    2.327306641918e-01
    2.620446489304e-01
    2.927910173779e-01
    3.248232692812e-01
    3.578778880079e-01
    3.914953320119e-01
    4.250763393215e-01
    4.578839058435e-01
    4.891661980723e-01
    5.182291432333e-01
    5.447764264668e-01
    5.689737541390e-01
    5.912518886206e-01
    6.121263985469e-01
    6.320628067311e-01
    6.513743271196e-01
    6.702267593028e-01
    6.887091058257e-01
    7.068653599053e-01
    7.246819737348e-01
    7.421028801452e-01
    7.590938520395e-01
    7.756578584908e-01
    7.918244154803e-01
    8.076283714475e-01
    8.230853135425e-01
    8.381926569837e-01
    8.529818269037e-01
    8.674906395097e-01
    8.817650100782e-01
    8.958585169570e-01
    9.098147760876e-01
    9.236365749140e-01
    9.372768801085e-01
    9.506442335261e-01
    9.636126563631e-01
    9.760551391712e-01
    9.880416454335e-01
    1.000000000000e+00
    1.011965839529e+00
    1.024482260061e+00
    1.037327557582e+00
    1.049881681225e+00
    1.061120540217e+00
    1.078698854571e+00
    1.088989293216e+00
    1.106871879986e+00
    1.130401732461e+00
    1.160368977225e+00
    1.194848208855e+00
    1.231529497107e+00
