80
0.000000e+00   2.147500e+03
1.000000e-01   2.099500e+03
1.620000e-01   2.077900e+03
1.945000e-01   2.037500e+03
2.200000e-01   1.991900e+03
2.430000e-01   1.944300e+03
2.650000e-01   1.896300e+03
2.875000e-01   1.847900e+03
3.105000e-01   1.800800e+03
3.335000e-01   1.755500e+03
3.555000e-01   1.712700e+03
3.770000e-01   1.670500e+03
3.970000e-01   1.630100e+03
4.160000e-01   1.590600e+03
4.345000e-01   1.551300e+03
4.520000e-01   1.513400e+03
4.690000e-01   1.476200e+03
4.855000e-01   1.439700e+03
5.015000e-01   1.404100e+03
5.170000e-01   1.369500e+03
5.325000e-01   1.335000e+03
5.475000e-01   1.301700e+03
5.620000e-01   1.269600e+03
5.765000e-01   1.237800e+03
5.910000e-01   1.206400e+03
6.050000e-01   1.176400e+03
6.190000e-01   1.146900e+03
6.330000e-01   1.117900e+03
6.470000e-01   1.089500e+03
6.610000e-01   1.061800e+03
6.750000e-01   1.034800e+03
6.890000e-01   1.008700e+03
7.030000e-01   9.834000e+02
7.175000e-01   9.582000e+02
7.320000e-01   9.341000e+02
7.470000e-01   9.105000e+02
7.625000e-01   8.872000e+02
7.780000e-01   8.648000e+02
7.935000e-01   8.430000e+02
8.085000e-01   8.219000e+02
8.225000e-01   8.021000e+02
8.360000e-01   7.824000e+02
8.485000e-01   7.636000e+02
8.605000e-01   7.448000e+02
8.715000e-01   7.267000e+02
8.820000e-01   7.086000e+02
8.915000e-01   6.914000e+02
9.005000e-01   6.743000e+02
9.090000e-01   6.573000e+02
9.170000e-01   6.406000e+02
9.245000e-01   6.242000e+02
9.315000e-01   6.082000e+02
9.380000e-01   5.928000e+02
9.440000e-01   5.763172e+02
9.500000e-01   5.583196e+02
9.560000e-01   5.370866e+02
9.620000e-01   5.111717e+02
9.680000e-01   4.788276e+02
9.740000e-01   4.383599e+02
9.800000e-01   3.889158e+02
9.860000e-01   3.316018e+02
9.920000e-01   2.702261e+02
9.980000e-01   2.106251e+02
1.004000e+00   1.584674e+02
1.010000e+00   1.170661e+02
1.016000e+00   8.679348e+01
1.022000e+00   6.601564e+01
1.028000e+00   5.239095e+01
1.034000e+00   4.373327e+01
1.040000e+00   3.834635e+01
1.046000e+00   3.504080e+01
1.052000e+00   3.303102e+01
1.058000e+00   3.181662e+01
1.064000e+00   3.108598e+01
1.070000e+00   3.064778e+01
1.076000e+00   3.038563e+01
1.082000e+00   3.022913e+01
1.088000e+00   3.013587e+01
1.094000e+00   3.008041e+01
1.100000e+00   3.004748e+01
-1
