     128
    0.000000000000e+00
    7.037841505434e-04
    1.641937109255e-03
    2.996121263513e-03
    4.786234197715e-03
    7.033069499170e-03
    9.758372772980e-03
    1.298491735134e-02
    1.673661503422e-02
    2.103862892135e-02
    2.591755754284e-02
    3.140166274631e-02
    3.752118041122e-02
    4.430877369828e-02
    5.180018133682e-02
    6.003510716829e-02
    6.905861989940e-02
    7.892306331551e-02
    8.969064328174e-02
    1.014380292001e-01
    1.142545091934e-01
    1.282175610253e-01
    1.433760883065e-01
    1.597335107897e-01
    1.772347972602e-01
    1.957247811287e-01
    2.149438901953e-01
    2.346304487453e-01
    2.545401324698e-01
    2.744661682085e-01
    2.942360045071e-01
    3.136917424323e-01
    3.327266503911e-01
    3.512930583418e-01
    3.693903311828e-01
    3.870575274387e-01
    4.043638967032e-01
    4.213827748271e-01
    4.381430409715e-01
    4.546324271788e-01
    4.708046665696e-01
    4.865856308632e-01
    5.018568868890e-01
    5.165327174523e-01
    5.305812298199e-01
    5.439818908055e-01
    5.567166143130e-01
    5.688768405904e-01
    5.804549924514e-01
    5.915464989633e-01
    6.021859253135e-01
    6.124482617289e-01
    6.223643195325e-01
    6.320013455189e-01
    6.413476628573e-01
    6.504943712997e-01
    6.593810430917e-01
    6.681059591215e-01
    6.766351175851e-01
    6.849921505997e-01
    6.932267141916e-01
    7.012587028495e-01
    7.091813415299e-01
    7.169784886218e-01
    7.246142193973e-01
    7.321609137787e-01
    7.395871995530e-01
    7.468837842520e-01
    7.541080864038e-01
    7.612284586126e-01
    7.682377104639e-01
    7.751909209223e-01
    7.820670511062e-01
    7.888395468576e-01
    7.955722477766e-01
    8.022600427361e-01
    8.088494308073e-01
    8.154114112313e-01
    8.219542705504e-01
    8.284196435899e-01
    8.348554525188e-01
    8.412854511563e-01
    8.476826666967e-01
    8.540309438963e-01
    8.603853492287e-01
    8.667442371830e-01
    8.730495015946e-01
    8.793623328816e-01
    8.856963409006e-01
    8.920100960089e-01
    8.983035477782e-01
    9.046181854182e-01
    9.109463208062e-01
    9.172170758028e-01
    9.235122201339e-01
    9.298389452591e-01
    9.361468298458e-01
    9.424567331306e-01
    9.488029477158e-01
    9.551719933971e-01
    9.615233382671e-01
    9.679018626085e-01
    9.743018265309e-01
    9.807344657985e-01
    9.871767639938e-01
    9.936129294282e-01
    1.000000000000e+00
    1.006355261958e+00
    1.012686178222e+00
    1.019012739592e+00
    1.025325511088e+00
    1.031783911742e+00
    1.038490890699e+00
    1.045439758676e+00
    1.052663542952e+00
    1.060184427789e+00
    1.067874477505e+00
    1.075702010225e+00
    1.083661800593e+00
    1.091618204064e+00
    1.099620219596e+00
    1.107648947590e+00
    1.115623975864e+00
    1.123646018326e+00
    1.131675402074e+00
    1.139734194886e+00
    1.147897132795e+00
    1.156090430447e+00
