306
0 2740.162
0.004004 2715.706
0.008007999999999999 2691.445
0.012012 2667.379
0.016016 2643.508
0.02002 2619.83
0.024024 2596.345
0.028028 2573.051
0.032032 2549.947
0.036036 2527.034
0.04004 2504.309
0.044044 2481.771
0.048048 2459.421
0.052052 2437.257
0.056056 2415.278
0.06006 2393.483
0.064064 2371.871
0.068068 2350.441
0.072072 2329.193
0.076076 2308.125
0.08008 2287.237
0.08408400000000001 2266.528
0.088088 2245.996
0.09209199999999999 2225.641
0.096096 2205.461
0.1001 2185.457
0.104104 2165.627
0.108108 2145.97
0.112112 2126.485
0.116116 2107.171
0.12012 2088.028
0.124124 2069.054
0.128128 2050.248
0.132132 2031.611
0.136136 2013.139
0.14014 1994.834
0.144144 1976.693
0.148148 1958.717
0.152152 1940.903
0.156156 1923.251
0.16016 1905.761
0.164164 1888.43
0.168168 1871.259
0.172172 1854.247
0.176176 1837.391
0.18018 1820.693
0.184184 1804.15
0.188188 1787.761
0.195195 1759.451
0.2002 1739.515
0.205205 1719.815
0.21021 1700.35
0.216216 1677.297
0.222222 1654.577
0.228228 1632.184
0.234234 1610.117
0.24024 1588.372
0.246246 1566.946
0.252252 1545.837
0.258258 1525.04
0.264264 1504.553
0.27027 1484.372
0.276276 1464.495
0.282282 1444.919
0.288288 1425.64
0.294294 1406.655
0.3003 1387.961
0.301301 1384.874
0.308308 1363.484
0.315315 1342.481
0.322322 1321.859
0.329329 1301.613
0.336336 1281.74
0.343343 1262.233
0.35035 1243.088
0.357357 1224.299
0.364364 1205.863
0.371371 1187.773
0.378378 1170.026
0.385385 1152.615
0.392392 1135.537
0.399399 1118.787
0.406406 1102.358
0.413413 1086.247
0.42042 1070.448
0.427427 1054.957
0.434434 1039.768
0.441441 1024.878
0.448448 1010.279
0.455455 995.9689999999999
0.462462 981.942
0.469469 968.192
0.476476 954.716
0.483483 941.5069999999999
0.49049 928.562
0.497497 915.875
0.504505 903.442
0.511512 891.2560000000001
0.518519 879.3140000000001
0.525526 867.611
0.532533 856.1410000000001
0.53954 844.9
0.546547 833.883
0.553554 823.0840000000001
0.560561 812.499
0.567568 802.123
0.5745749999999999 791.9509999999999
0.581582 781.978
0.588589 772.2
0.595596 762.61
0.602603 753.205
0.60961 743.9789999999999
0.616617 734.927
0.624625 724.7900000000001
0.6306310000000001 717.328
0.636637 709.9830000000001
0.642643 702.7520000000001
0.648649 695.6320000000001
0.654655 688.6210000000001
0.6606610000000001 681.7140000000001
0.666667 674.909
0.672673 668.202
0.678679 661.591
0.685686 653.995
0.6906910000000001 648.6429999999999
0.695696 643.351
0.700701 638.1179999999999
0.7057060000000001 632.9399999999999
0.710711 627.818
0.715716 622.7470000000001
0.7207209999999999 617.7280000000001
0.725726 612.758
0.730731 607.835
0.7357359999999999 602.957
0.740741 598.124
0.745746 593.332
0.7507509999999999 588.58
0.755756 583.8670000000001
0.760761 579.1899999999999
0.764765 575.473
0.768769 571.778
0.772773 568.1030000000001
0.7767770000000001 564.448
0.7807809999999999 560.8109999999999
0.784785 557.192
0.788789 553.59
0.792793 550.003
0.796797 546.431
0.800801 542.873
0.804805 539.328
0.808809 535.796
0.812813 532.274
0.816817 528.763
0.820821 525.261
0.822823 523.513
0.8258259999999999 520.895
0.828829 518.2809999999999
0.831832 515.6709999999999
0.834835 513.064
0.837838 510.46
0.8408409999999999 507.8589999999999
0.843844 505.259
0.846847 502.662
0.84985 500.066
0.852853 497.471
0.855856 494.876
0.858859 492.282
0.861862 489.687
0.864865 487.092
0.867868 484.496
0.870871 481.898
0.873874 479.299
0.876877 476.698
0.87988 474.094
0.882883 471.488
0.885886 468.878
0.888889 466.264
0.892893 462.773
0.894895 461.024
0.8968970000000001 459.273
0.898899 457.52
0.900901 455.765
0.902903 454.007
0.904905 452.246
0.906907 450.483
0.908909 448.717
0.910911 446.948
0.912913 445.176
0.914915 443.4
0.916917 441.622
0.918919 439.839
0.920921 438.053
0.922923 436.264
0.924925 434.47
0.9269269999999999 432.672
0.928929 430.8699999999999
0.930931 429.063
0.932933 427.251
0.934935 425.434
0.936937 423.61
0.938939 421.779
0.940941 419.94
0.942943 418.09
0.944945 416.227
0.946947 414.348
0.948949 412.448
0.950951 410.518
0.951952 409.54
0.9529530000000001 408.549
0.953954 407.545
0.954955 406.525
0.955956 405.486
0.9569569999999999 404.425
0.957958 403.336
0.958959 402.216
0.95996 401.057
0.960961 399.854
0.961962 398.596
0.962963 397.274
0.963964 395.875
0.964965 394.384
0.965966 392.785
0.966967 391.056
0.9679680000000001 389.172
0.968969 387.106
0.96997 384.823
0.970971 382.284
0.9719719999999999 379.443
0.972973 376.248
0.973974 372.639
0.974975 368.549
0.975976 363.903
0.976977 358.619
0.977978 352.613
0.978979 345.793
0.97998 338.074
0.980981 329.372
0.981982 319.62
0.9829830000000001 308.768
0.983984 296.8
0.984985 283.734
0.985986 269.637
0.9869869999999999 254.625
0.987988 238.866
0.988989 222.575
0.98999 206.004
0.990991 189.426
0.991992 173.117
0.992993 157.34
0.993994 142.323
0.994995 128.253
0.995996 115.262
0.996997 103.43
0.9979980000000001 92.78999999999999
0.998999 83.328
1 75
1.001001 67.73400000000001
1.002002 61.446
1.003003 56.04
1.004004 51.421
1.005005 47.493
1.006006 44.168
1.007007 41.363
1.008008 39.005
1.009009 37.02699999999999
1.01001 35.372
1.011011 33.99
1.012012 32.837
1.013013 31.878
1.014014 31.079
1.015015 30.415
1.016016 29.864
1.017017 29.407
1.018018 29.027
1.019019 28.713
1.02002 28.452
1.021021 28.236
1.022022 28.057
1.023023 27.909
1.024024 27.786
1.025025 27.684
1.026026 27.6
1.027027 27.531
1.028028 27.473
1.029029 27.425
1.03003 27.386
1.031031 27.353
1.032032 27.326
1.033033 27.304
1.034034 27.286
1.035035 27.27
1.036036 27.258
1.037037 27.247
1.038038 27.239
1.039039 27.231
1.04004 27.225
1.041041 27.221
1.042042 27.217
1.043043 27.213
1.044044 27.21
1.045045 27.208
1.046046 27.206
1.047047 27.205
1.048048 27.203
1.049049 27.202
1.05005 27.201
-1
