179
    0.000000000000e+00       2.702750803972e-03
    9.920790042614e-04       2.721977534552e-03
    2.226679979588e-03       9.091076942159e-03
    3.933204797102e-03       9.085066397645e-03
    6.133236271340e-03       9.041133244609e-03
    8.811004710674e-03       8.987314311436e-03
    1.195395428705e-02       8.952915956952e-03
    1.556158363421e-02       8.912695198284e-03
    1.962052337315e-02       8.877786723386e-03
    2.412568918208e-02       8.840405246697e-03
    2.906432383507e-02       8.803214948208e-03
    3.442818075576e-02       8.768625117730e-03
    4.020645370695e-02       8.733240912126e-03
    4.638990627228e-02       8.695885826369e-03
    5.296379179596e-02       8.657640449740e-03
    5.991766225846e-02       8.619458493486e-03
    6.723723000887e-02       8.581209998824e-03
    7.491192275536e-02       8.542858398117e-03
    8.292693935380e-02       8.504373988811e-03
    9.127076294951e-02       8.465722433826e-03
    9.992860691640e-02       8.426862000526e-03
    1.088876268989e-01       8.387741430408e-03
    1.181337925697e-01       8.348422779265e-03
    1.276526996970e-01       8.308898250015e-03
    1.374314864785e-01       8.269371914093e-03
    1.474545844459e-01       8.229561159394e-03
    1.577104806560e-01       8.189535853704e-03
    1.681822657060e-01       8.149396711564e-03
    1.788595662827e-01       8.109062506302e-03
    1.897256843292e-01       8.068661022184e-03
    2.007701881056e-01       8.028011595987e-03
    2.119779506269e-01       7.987291611425e-03
    2.233374825961e-01       7.946303292815e-03
    2.348359434869e-01       7.905140942902e-03
    2.464608503067e-01       7.863819111242e-03
    2.582018090975e-01       7.822271936490e-03
    2.700462162476e-01       7.780546898285e-03
    2.819846719976e-01       7.738659021410e-03
    2.940061508344e-01       7.696568218578e-03
    3.061012730369e-01       7.654283465399e-03
    3.182607148658e-01       7.611841404107e-03
    3.304753948407e-01       7.569233158774e-03
    3.427371090783e-01       7.526418308394e-03
    3.550376099041e-01       7.483526203731e-03
    3.673688641298e-01       7.440490461516e-03
    3.797243744675e-01       7.397237273782e-03
    3.920962088104e-01       7.353842226193e-03
    4.044779638838e-01       7.259627222613e-03
    4.167773669715e-01       7.104474822350e-03
    4.288824291820e-01       6.952914493670e-03
    4.407913339588e-01       6.804906157593e-03
    4.525020529479e-01       6.660418489674e-03
    4.640137101058e-01       6.519374459460e-03
    4.753266017926e-01       6.381833153886e-03
    4.864400914066e-01       6.247648851631e-03
    4.973556257652e-01       6.116718019478e-03
    5.080740137453e-01       5.988985439368e-03
    5.185959130757e-01       5.864409881204e-03
    5.289237503335e-01       5.743008284650e-03
    5.390597827496e-01       5.624617820117e-03
    5.490056667438e-01       5.509154701378e-03
    5.587639078602e-01       5.396549706630e-03
    5.683377020683e-01       5.286819731087e-03
    5.777289410229e-01       5.179849838228e-03
    5.869408566908e-01       5.075516620339e-03
    5.959768463409e-01       4.973768045746e-03
    6.048392648009e-01       4.885200937974e-03
    6.135501583097e-01       4.802515007814e-03
    6.221187881078e-01       4.721562381863e-03
    6.305479915181e-01       4.642370860431e-03
    6.388384526500e-01       4.564829521395e-03
    6.469929125612e-01       4.488920802537e-03
    6.550137744709e-01       4.414668909221e-03
    6.629031259245e-01       4.341940214272e-03
    6.706624573688e-01       4.270751155366e-03
    6.782941778056e-01       4.201090599843e-03
    6.858008605761e-01       4.132857283465e-03
    6.931846222251e-01       4.066083615054e-03
    7.004471710885e-01       4.000699106579e-03
    7.075907761900e-01       3.936687610224e-03
    7.146175054375e-01       3.874009711704e-03
    7.215301237341e-01       3.812590110136e-03
    7.283301725066e-01       3.752529273491e-03
    7.350197076751e-01       3.693674378291e-03
    7.416003911062e-01       3.636031292024e-03
    7.480749187835e-01       3.579595379186e-03
    7.544455521535e-01       3.524317210767e-03
    7.607138514655e-01       3.470195160524e-03
    7.668814097791e-01       3.417150471573e-03
    7.729503253314e-01       3.365265871718e-03
    7.789228687825e-01       3.314401953612e-03
    7.848010793450e-01       3.264609830895e-03
    7.905868112493e-01       3.215789555659e-03
    7.962812752847e-01       3.167973610250e-03
    8.018860392300e-01       3.138220190872e-03
    8.074337569295e-01       3.115651556631e-03
    8.129371265392e-01       3.093182257951e-03
    8.183961227193e-01       3.070794282909e-03
    8.238110740344e-01       3.048486863296e-03
    8.291811306167e-01       3.026241887089e-03
    8.345071961873e-01       3.004021855664e-03
    8.397888203555e-01       2.981810543717e-03
    8.450267406900e-01       2.959518261234e-03
    8.502202218112e-01       2.937160675728e-03
    8.553695309388e-01       2.914635738500e-03
    8.604736566200e-01       2.892028201976e-03
    8.655327942022e-01       2.869072225046e-03
    8.705466008451e-01       2.845982110265e-03
    8.755144614672e-01       2.822321212714e-03
    8.804358284302e-01       2.798498358660e-03
    8.853103894094e-01       2.773853001496e-03
    8.901364807613e-01       2.749057629834e-03
    8.949135750268e-01       2.723128141847e-03
    8.996400997177e-01       2.697026063910e-03
    9.043158620377e-01       2.669647224080e-03
    9.089387366433e-01       2.642064794476e-03
    9.135084563309e-01       2.612921065121e-03
    9.180222527522e-01       2.583537994881e-03
    9.224797405551e-01       2.552370003683e-03
    9.268779437178e-01       2.520893934273e-03
    9.312164540420e-01       2.487527115403e-03
    9.354921595780e-01       2.453842772017e-03
    9.397046770660e-01       2.418058057366e-03
    9.438505857583e-01       2.381927688372e-03
    9.479291922868e-01       2.343762121530e-03
    9.519372901717e-01       2.305133179274e-03
    9.558744319433e-01       2.264631633151e-03
    9.597373938908e-01       2.223556574832e-03
    9.635252203766e-01       2.180783633396e-03
    9.672356780809e-01       2.137794775541e-03
    9.708678846684e-01       2.094089990489e-03
    9.744216096909e-01       2.050238682287e-03
    9.778971127551e-01       2.005903962631e-03
    9.812939557501e-01       1.961354648930e-03
    9.846116656983e-01       1.916421060582e-03
    9.878491766013e-01       1.871337098768e-03
    9.910059859599e-01       1.826080122375e-03
    9.940819479959e-01       1.781513148507e-03
    9.970781503906e-01       1.740180560886e-03
    1.000000000000e+00       1.724934260583e-03
    1.002891186312e+00       1.714761862807e-03
    1.005760197421e+00       1.705746401580e-03
    1.008609392135e+00       1.696825243494e-03
    1.011439111416e+00       1.688579798152e-03
    1.014250614490e+00       1.681189497688e-03
    1.017045450189e+00       1.673800740440e-03
    1.019823741973e+00       1.669095250330e-03
    1.022590051501e+00       1.664604337201e-03
    1.025344831506e+00       1.664127028218e-03
    1.028094801098e+00       1.663137279429e-03
    1.030839117283e+00       1.662530320936e-03
    1.033578463606e+00       1.661878437407e-03
    1.036312585002e+00       1.661365158305e-03
    1.039041476987e+00       1.665108122289e-03
    1.041772162493e+00       1.671004069733e-03
    1.044508182982e+00       1.676305011392e-03
    1.047248568645e+00       1.683180148814e-03
    1.049995895815e+00       1.702262845409e-03
    1.052770041307e+00       1.722940890145e-03
    1.055573505377e+00       1.743041752957e-03
    1.058405251414e+00       1.763615806407e-03
    1.061265957393e+00       1.785173747968e-03
    1.064157045355e+00       1.806231031424e-03
    1.067077165566e+00       1.844287019886e-03
    1.070053515385e+00       2.104007724056e-03
    1.073442287489e+00       2.425684973844e-03
    1.077340865634e+00       2.788452733120e-03
    1.081811130092e+00       3.198063519776e-03
    1.086923987499e+00       3.654922113040e-03
    1.092748426850e+00       4.187581258111e-03
    1.099396379042e+00       4.779447942177e-03
    1.106949961809e+00       5.425049961667e-03
    1.115481468086e+00       6.179437635686e-03
    1.125144358323e+00       7.029338934915e-03
    1.136062436949e+00       7.981753643558e-03
    1.148366185333e+00       9.046014634860e-03
    1.162188166084e+00       1.024088365995e-02
    1.177677441396e+00       1.156716554465e-02
    1.194967644927e+00       1.303139753034e-02
