179
    0.000000000000e+00
    9.920790042614e-04
    2.226679979588e-03
    3.933204797102e-03
    6.133236271340e-03
    8.811004710674e-03
    1.195395428705e-02
    1.556158363421e-02
    1.962052337315e-02
    2.412568918208e-02
    2.906432383507e-02
    3.442818075576e-02
    4.020645370695e-02
    4.638990627228e-02
    5.296379179596e-02
    5.991766225846e-02
    6.723723000887e-02
    7.491192275536e-02
    8.292693935380e-02
    9.127076294951e-02
    9.992860691640e-02
    1.088876268989e-01
    1.181337925697e-01
    1.276526996970e-01
    1.374314864785e-01
    1.474545844459e-01
    1.577104806560e-01
    1.681822657060e-01
    1.788595662827e-01
    1.897256843292e-01
    2.007701881056e-01
    2.119779506269e-01
    2.233374825961e-01
    2.348359434869e-01
    2.464608503067e-01
    2.582018090975e-01
    2.700462162476e-01
    2.819846719976e-01
    2.940061508344e-01
    3.061012730369e-01
    3.182607148658e-01
    3.304753948407e-01
    3.427371090783e-01
    3.550376099041e-01
    3.673688641298e-01
    3.797243744675e-01
    3.920962088104e-01
    4.044779638838e-01
    4.167773669715e-01
    4.288824291820e-01
    4.407913339588e-01
    4.525020529479e-01
    4.640137101058e-01
    4.753266017926e-01
    4.864400914066e-01
    4.973556257652e-01
    5.080740137453e-01
    5.185959130757e-01
    5.289237503335e-01
    5.390597827496e-01
    5.490056667438e-01
    5.587639078602e-01
    5.683377020683e-01
    5.777289410229e-01
    5.869408566908e-01
    5.959768463409e-01
    6.048392648009e-01
    6.135501583097e-01
    6.221187881078e-01
    6.305479915181e-01
    6.388384526500e-01
    6.469929125612e-01
    6.550137744709e-01
    6.629031259245e-01
    6.706624573688e-01
    6.782941778056e-01
    6.858008605761e-01
    6.931846222251e-01
    7.004471710885e-01
    7.075907761900e-01
    7.146175054375e-01
    7.215301237341e-01
    7.283301725066e-01
    7.350197076751e-01
    7.416003911062e-01
    7.480749187835e-01
    7.544455521535e-01
    7.607138514655e-01
    7.668814097791e-01
    7.729503253314e-01
    7.789228687825e-01
    7.848010793450e-01
    7.905868112493e-01
    7.962812752847e-01
    8.018860392300e-01
    8.074337569295e-01
    8.129371265392e-01
    8.183961227193e-01
    8.238110740344e-01
    8.291811306167e-01
    8.345071961873e-01
    8.397888203555e-01
    8.450267406900e-01
    8.502202218112e-01
    8.553695309388e-01
    8.604736566200e-01
    8.655327942022e-01
    8.705466008451e-01
    8.755144614672e-01
    8.804358284302e-01
    8.853103894094e-01
    8.901364807613e-01
    8.949135750268e-01
    8.996400997177e-01
    9.043158620377e-01
    9.089387366433e-01
    9.135084563309e-01
    9.180222527522e-01
    9.224797405551e-01
    9.268779437178e-01
    9.312164540420e-01
    9.354921595780e-01
    9.397046770660e-01
    9.438505857583e-01
    9.479291922868e-01
    9.519372901717e-01
    9.558744319433e-01
    9.597373938908e-01
    9.635252203766e-01
    9.672356780809e-01
    9.708678846684e-01
    9.744216096909e-01
    9.778971127551e-01
    9.812939557501e-01
    9.846116656983e-01
    9.878491766013e-01
    9.910059859599e-01
    9.940819479959e-01
    9.970781503906e-01
    1.000000000000e+00
    1.002891186312e+00
    1.005760197421e+00
    1.008609392135e+00
    1.011439111416e+00
    1.014250614490e+00
    1.017045450189e+00
    1.019823741973e+00
    1.022590051501e+00
    1.025344831506e+00
    1.028094801098e+00
    1.030839117283e+00
    1.033578463606e+00
    1.036312585002e+00
    1.039041476987e+00
    1.041772162493e+00
    1.044508182982e+00
    1.047248568645e+00
    1.049995895815e+00
    1.052770041307e+00
    1.055573505377e+00
    1.058405251414e+00
    1.061265957393e+00
    1.064157045355e+00
    1.067077165566e+00
    1.070053515385e+00
    1.073442287489e+00
    1.077340865634e+00
    1.081811130092e+00
    1.086923987499e+00
    1.092748426850e+00
    1.099396379042e+00
    1.106949961809e+00
    1.115481468086e+00
    1.125144358323e+00
    1.136062436949e+00
    1.148366185333e+00
    1.162188166084e+00
    1.177677441396e+00
    1.194967644927e+00
