     135
    0.000000000000e+00
    6.631591991950e-04
    1.578579118001e-03
    2.908928399837e-03
    4.674058604529e-03
    6.894709716040e-03
    9.592571763435e-03
    1.279035558067e-02
    1.651190203903e-02
    2.078230026639e-02
    2.562805945710e-02
    3.107733732142e-02
    3.716024784166e-02
    4.390930254719e-02
    5.136003339746e-02
    5.955191509133e-02
    6.852964463074e-02
    7.834510014902e-02
    8.906010552394e-02
    1.007500222972e-01
    1.135042161176e-01
    1.274012572070e-01
    1.424930115686e-01
    1.587842547584e-01
    1.762243605870e-01
    1.946667083937e-01
    2.138507854631e-01
    2.335151842465e-01
    2.534187309848e-01
    2.733457009520e-01
    2.931272419624e-01
    3.126051255866e-01
    3.316696406441e-01
    3.502692220596e-01
    3.683992615507e-01
    3.860931736466e-01
    4.034160294720e-01
    4.204391504650e-01
    4.371943212969e-01
    4.536749997833e-01
    4.698430874073e-01
    4.856338262227e-01
    5.009352340163e-01
    5.156805026970e-01
    5.298279009616e-01
    5.433418600018e-01
    5.562036650316e-01
    5.684828643932e-01
    5.801531280760e-01
    5.913001616001e-01
    6.019364271296e-01
    6.121274487774e-01
    6.218900414615e-01
    6.312976644638e-01
    6.403279707432e-01
    6.490842822074e-01
    6.575196524677e-01
    6.657186811203e-01
    6.737005536076e-01
    6.814413718847e-01
    6.890306686819e-01
    6.964532101592e-01
    7.037164945932e-01
    7.108878459408e-01
    7.179466160591e-01
    7.248951084353e-01
    7.317907929890e-01
    7.386170170727e-01
    7.453491864222e-01
    7.520493398210e-01
    7.587114250603e-01
    7.652798935684e-01
    7.718200833182e-01
    7.783346261071e-01
    7.847648602445e-01
    7.911464492951e-01
    7.974970491964e-01
    8.037864115905e-01
    8.099847303762e-01
    8.161411310345e-01
    8.222526819518e-01
    8.282564826023e-01
    8.341964222194e-01
    8.400867560046e-01
    8.459182475881e-01
    8.516329389232e-01
    8.572970483665e-01
    8.629104892449e-01
    8.684554662874e-01
    8.738972953330e-01
    8.792911239744e-01
    8.846385144875e-01
    8.899278178652e-01
    8.951345614620e-01
    9.003234703715e-01
    9.055143333166e-01
    9.107159112754e-01
    9.158726590517e-01
    9.210501517344e-01
    9.262490763113e-01
    9.314641522874e-01
    9.366434742136e-01
    9.418250299529e-01
    9.470236780618e-01
    9.522399990566e-01
    9.574408592658e-01
    9.626453834030e-01
    9.678726792652e-01
    9.731258659966e-01
    9.784189862591e-01
    9.837558073508e-01
    9.891324749351e-01
    9.945551957224e-01
    1.000000000000e+00
    1.005419650666e+00
    1.010902129753e+00
    1.016477770636e+00
    1.022158722209e+00
    1.028011696964e+00
    1.034174407571e+00
    1.040721414512e+00
    1.047599091287e+00
    1.054885315380e+00
    1.062537642229e+00
    1.070364404490e+00
    1.078380409997e+00
    1.086499807693e+00
    1.094594838593e+00
    1.102722590719e+00
    1.110794604579e+00
    1.118822585529e+00
    1.126872458114e+00
    1.134867845649e+00
    1.142930406396e+00
    1.151067899974e+00
