267
    0.000000000000e+00       1.114980420829e-02
    4.952710853092e-04       1.123330258973e-02
    1.167816298106e-03       3.756116851632e-02
    2.179783293299e-03       3.766067098163e-02
    3.564840332684e-03       3.774126490902e-02
    5.363428547720e-03       3.780391271883e-02
    7.617229067185e-03       3.784459612015e-02
    1.035744303394e-02       3.786558119528e-02
    1.360138928895e-02       3.786807193543e-02
    1.735678857469e-02       3.784973379028e-02
    2.162731219244e-02       3.781080703785e-02
    2.641963511448e-02       3.775405407506e-02
    3.175183204485e-02       3.768017062194e-02
    3.765137997678e-02       3.759118066083e-02
    4.415505218722e-02       3.748357889785e-02
    5.130963631639e-02       3.735685567326e-02
    5.917004747177e-02       3.721080870590e-02
    6.779575998148e-02       3.704555479045e-02
    7.723898890802e-02       3.686451381634e-02
    8.752859749050e-02       3.666419856836e-02
    9.866843571007e-02       3.643982824398e-02
    1.106458054593e-01       3.620163151277e-02
    1.234405813566e-01       3.594232031422e-02
    1.370229476393e-01       3.566861447445e-02
    1.513592267735e-01       3.538164618292e-02
    1.664110308279e-01       3.507789461704e-02
    1.821336350653e-01       3.476688024763e-02
    1.984835050896e-01       3.444551087617e-02
    2.154136653692e-01       3.304925523846e-02
    2.323197888716e-01       3.158250187441e-02
    2.490604228269e-01       3.015039470260e-02
    2.655545371409e-01       2.876047715923e-02
    2.817357923199e-01       2.741867855403e-02
    2.975513963367e-01       2.612493180990e-02
    3.129546826758e-01       2.488133882176e-02
    3.279131912696e-01       2.369121506226e-02
    3.424057992239e-01       2.255450812430e-02
    3.564140766530e-01       2.146774517373e-02
    3.699308494035e-01       2.043606479147e-02
    3.829534796813e-01       1.945638765362e-02
    3.954860104877e-01       1.852492594876e-02
    4.075333529802e-01       1.787607499102e-02
    4.192600749966e-01       1.737613221088e-02
    4.307488170254e-01       1.689119811853e-02
    4.419988739491e-01       1.642188289941e-02
    4.530092988072e-01       1.596787348393e-02
    4.637823943477e-01       1.552584063757e-02
    4.743163929997e-01       1.509873449533e-02
    4.846148814425e-01       1.468746731280e-02
    4.946812625697e-01       1.428823052573e-02
    5.045169791821e-01       1.390159007354e-02
    5.141259673380e-01       1.352727288882e-02
    5.235112889704e-01       1.316620663593e-02
    5.326771025046e-01       1.281868649586e-02
    5.416297180712e-01       1.248393033281e-02
    5.503743884152e-01       1.215789197333e-02
    5.589139027799e-01       1.184112222245e-02
    5.672522959542e-01       1.153302431973e-02
    5.753933490836e-01       1.123730817819e-02
    5.833435673898e-01       1.095199916420e-02
    5.911082004074e-01       1.067685100846e-02
    5.986930086773e-01       1.041047195149e-02
    6.061025818194e-01       1.020122480047e-02
    6.133759481152e-01       1.000474751451e-02
    6.205211457514e-01       9.812352971744e-03
    6.275404293709e-01       9.625191390092e-03
    6.344367676753e-01       9.442954040175e-03
    6.412122145286e-01       9.266578362150e-03
    6.478700739796e-01       9.095048084489e-03
    6.544135446147e-01       8.926931533842e-03
    6.608448264797e-01       8.762385803882e-03
    6.671647490757e-01       8.602302174257e-03
    6.733765113028e-01       8.445966733970e-03
    6.794819223372e-01       8.292364854849e-03
    6.854831577326e-01       8.141916440799e-03
    6.913814072063e-01       7.996909737979e-03
    6.971798372174e-01       7.855821762856e-03
    7.028812496333e-01       7.717255492176e-03
    7.084872021333e-01       7.581401591551e-03
    7.139994085478e-01       7.448950735538e-03
    7.194195931737e-01       7.319787561854e-03
    7.247496542822e-01       7.193678756447e-03
    7.299917578518e-01       7.070772748686e-03
    7.351481939825e-01       6.950538819308e-03
    7.402208759766e-01       6.833334207003e-03
    7.452116560051e-01       6.718570173965e-03
    7.501212333141e-01       6.606450756419e-03
    7.549519772508e-01       6.496683503642e-03
    7.597056292554e-01       6.389503194928e-03
    7.643834730797e-01       6.284784785135e-03
    7.689879921611e-01       6.182239033056e-03
    7.735197798582e-01       6.082001710282e-03
    7.779806398023e-01       5.983790868335e-03
    7.823713749821e-01       5.888142875738e-03
    7.866944576708e-01       5.794538086200e-03
    7.909509813020e-01       5.702838231461e-03
    7.951423405758e-01       5.613037145593e-03
    7.992700164658e-01       5.526083377258e-03
    8.033356002901e-01       5.485972406739e-03
    8.073731287473e-01       5.451645517818e-03
    8.113871685628e-01       5.417597533132e-03
    8.153779818012e-01       5.384033497332e-03
    8.193459360335e-01       5.350567188191e-03
    8.232911154818e-01       5.317320352180e-03
    8.272135442203e-01       5.284202827725e-03
    8.311128920392e-01       5.251306872350e-03
    8.349894331545e-01       5.218825422807e-03
    8.388434856772e-01       5.186450741301e-03
    8.426751414863e-01       5.154509204327e-03
    8.464847343842e-01       5.122775697092e-03
    8.502724326846e-01       5.091103130261e-03
    8.540382791418e-01       5.059449262741e-03
    8.577820220117e-01       5.027887261390e-03
    8.615035871012e-01       4.996942568241e-03
    8.652034519101e-01       4.966192012292e-03
    8.688817829409e-01       4.935667215125e-03
    8.725387703792e-01       4.905449633697e-03
    8.761746650172e-01       4.875330171709e-03
    8.797895627688e-01       4.845476893292e-03
    8.833835204429e-01       4.815732258986e-03
    8.869559932209e-01       4.786126316153e-03
    8.905071995137e-01       4.756652935050e-03
    8.940375267234e-01       4.727374712359e-03
    8.975474002752e-01       4.698572180903e-03
    9.010374454835e-01       4.669893574107e-03
    9.045080180538e-01       4.641578074584e-03
    9.079596428862e-01       4.613442805425e-03
    9.113918787317e-01       4.585363276431e-03
    9.148008837273e-01       4.557371127221e-03
    9.181878184772e-01       4.527715124479e-03
    9.215535377549e-01       4.492529889124e-03
    9.248959370966e-01       4.455705565721e-03
    9.282156985567e-01       4.406962805953e-03
    9.315058861486e-01       4.355276233312e-03
    9.347660524175e-01       4.296724694463e-03
    9.379923977616e-01       4.233877014042e-03
    9.411805941099e-01       4.169379108685e-03
    9.443263974194e-01       4.101765939928e-03
    9.474271447506e-01       4.033443891494e-03
    9.504821643196e-01       3.961095144616e-03
    9.534884180336e-01       3.888027140331e-03
    9.564450269266e-01       3.810574065777e-03
    9.593486235723e-01       3.730585832251e-03
    9.621969600965e-01       3.649335641908e-03
    9.649889470280e-01       3.562303844266e-03
    9.677198574482e-01       3.475175534565e-03
    9.703908160765e-01       3.382163121734e-03
    9.729965963174e-01       3.285785252480e-03
    9.755337327811e-01       3.187783492282e-03
    9.779997804602e-01       3.079683410826e-03
    9.803858679042e-01       2.970231527183e-03
    9.826901106610e-01       2.856148356747e-03
    9.849081189175e-01       2.728016858273e-03
    9.870282573585e-01       2.598766631351e-03
    9.890491089455e-01       2.465163433383e-03
    9.909668218535e-01       2.314846138247e-03
    9.927680319504e-01       2.163801649525e-03
    9.944519262515e-01       2.013227030270e-03
    9.960183702072e-01       1.857376030046e-03
    9.974638491613e-01       1.699684565875e-03
    9.987874176133e-01       1.555978773400e-03
    1.000000000000e+00       1.430624797103e-03
    1.001115624762e+00       1.348848976314e-03
    1.002168064401e+00       1.279820903568e-03
    1.003167091282e+00       1.245805675695e-03
    1.004140028779e+00       1.215000000000e-03
    1.005089164468e+00       1.215000000000e-03
    1.006038737026e+00       1.215000000000e-03
    1.006988407463e+00       1.215000000000e-03
    1.007938525918e+00       1.215000000000e-03
    1.008888584719e+00       1.215000000000e-03
    1.009839087031e+00       1.215000000000e-03
    1.010789406598e+00       1.215000000000e-03
    1.011740141660e+00       1.215000000000e-03
    1.012690582381e+00       1.215000000000e-03
    1.013641398530e+00       1.215000000000e-03
    1.014591820272e+00       1.215000000000e-03
    1.015542565291e+00       1.215000000000e-03
    1.016492827400e+00       1.215000000000e-03
    1.017443348519e+00       1.215000000000e-03
    1.018393309822e+00       1.215000000000e-03
    1.019343453720e+00       1.215000000000e-03
    1.020292972525e+00       1.215000000000e-03
    1.021242585329e+00       1.215000000000e-03
    1.022191519430e+00       1.215000000000e-03
    1.023140446722e+00       1.215000000000e-03
    1.024088653399e+00       1.215000000000e-03
    1.025036740211e+00       1.215000000000e-03
    1.025984109782e+00       1.215000000000e-03
    1.026931253445e+00       1.215000000000e-03
    1.027878011968e+00       1.215000000000e-03
    1.028824648702e+00       1.215000000000e-03
    1.029771032386e+00       1.215000000000e-03
    1.030717301230e+00       1.215000000000e-03
    1.031663370345e+00       1.215000000000e-03
    1.032609279466e+00       1.215000000000e-03
    1.033555041377e+00       1.215000000000e-03
    1.034500598985e+00       1.215000000000e-03
    1.035446061098e+00       1.215000000000e-03
    1.036391275451e+00       1.215000000000e-03
    1.037336445216e+00       1.215000000000e-03
    1.038281324619e+00       1.215000000000e-03
    1.039226209528e+00       1.215000000000e-03
    1.040170762330e+00       1.215000000000e-03
    1.041115369921e+00       1.215000000000e-03
    1.042059604518e+00       1.215000000000e-03
    1.043003942369e+00       1.215000000000e-03
    1.043947867201e+00       1.215000000000e-03
    1.044891942936e+00       1.215000000000e-03
    1.045835566489e+00       1.215000000000e-03
    1.046779387772e+00       1.215000000000e-03
    1.047722718579e+00       1.215000000000e-03
    1.048666293118e+00       1.215000000000e-03
    1.049609339756e+00       1.215000000000e-03
    1.050552675300e+00       1.215000000000e-03
    1.051495446391e+00       1.215000000000e-03
    1.052438550734e+00       1.215343983379e-03
    1.053381321840e+00       1.219615195461e-03
    1.054327780963e+00       1.225943496874e-03
    1.055278517455e+00       1.276033814883e-03
    1.056268480576e+00       1.328169761796e-03
    1.057298205625e+00       1.382420140088e-03
    1.058370217353e+00       1.438881825209e-03
    1.059485490716e+00       1.497633047426e-03
    1.060646174113e+00       1.558772019816e-03
    1.061854174715e+00       1.622395945165e-03
    1.063110785158e+00       1.688595979322e-03
    1.064418651919e+00       1.757485602984e-03
    1.065779723110e+00       1.829171271286e-03
    1.067195527214e+00       1.903756800796e-03
    1.068668872467e+00       1.980485481123e-03
    1.070201328901e+00       2.053528335409e-03
    1.071789965037e+00       2.117894802977e-03
    1.073427945461e+00       2.184261444947e-03
    1.075116614180e+00       2.252688063601e-03
    1.076857785343e+00       2.323240566286e-03
    1.078653055046e+00       2.395984143109e-03
    1.080504074559e+00       2.470986065286e-03
    1.082412552401e+00       2.548315754338e-03
    1.084380256509e+00       2.628044853658e-03
    1.086408984464e+00       2.710246004050e-03
    1.088500470075e+00       2.794989040045e-03
    1.090656577417e+00       2.882348834358e-03
    1.092878976115e+00       2.972401509473e-03
    1.095169911752e+00       3.065231510278e-03
    1.097531573186e+00       3.160924416964e-03
    1.099966167763e+00       3.291332768259e-03
    1.102500054953e+00       3.508926171663e-03
    1.105200305790e+00       3.749638462608e-03
    1.108084884946e+00       4.006764584986e-03
    1.111165707915e+00       4.281402416637e-03
    1.114456376671e+00       4.574742208307e-03
    1.117970835559e+00       4.888024785599e-03
    1.121723567271e+00       5.222549380080e-03
    1.125730447564e+00       5.579732809313e-03
    1.130008567083e+00       5.961092160503e-03
    1.134576222007e+00       6.368247262566e-03
    1.139452137103e+00       6.802909868083e-03
    1.144657604886e+00       7.266934084853e-03
    1.150213583009e+00       7.762202524200e-03
    1.156142514570e+00       8.290721231869e-03
    1.162469268448e+00       8.854695642347e-03
    1.169220031415e+00       9.456473880311e-03
    1.176423016368e+00       1.009855487614e-02
    1.184105887486e+00       1.078342342977e-02
    1.192299867313e+00       1.151385465865e-02
    1.201052252759e+00       1.229314371892e-02
