267
    0.000000000000e+00
    4.952710853092e-04
    1.167816298106e-03
    2.179783293299e-03
    3.564840332684e-03
    5.363428547720e-03
    7.617229067185e-03
    1.035744303394e-02
    1.360138928895e-02
    1.735678857469e-02
    2.162731219244e-02
    2.641963511448e-02
    3.175183204485e-02
    3.765137997678e-02
    4.415505218722e-02
    5.130963631639e-02
    5.917004747177e-02
    6.779575998148e-02
    7.723898890802e-02
    8.752859749050e-02
    9.866843571007e-02
    1.106458054593e-01
    1.234405813566e-01
    1.370229476393e-01
    1.513592267735e-01
    1.664110308279e-01
    1.821336350653e-01
    1.984835050896e-01
    2.154136653692e-01
    2.323197888716e-01
    2.490604228269e-01
    2.655545371409e-01
    2.817357923199e-01
    2.975513963367e-01
    3.129546826758e-01
    3.279131912696e-01
    3.424057992239e-01
    3.564140766530e-01
    3.699308494035e-01
    3.829534796813e-01
    3.954860104877e-01
    4.075333529802e-01
    4.192600749966e-01
    4.307488170254e-01
    4.419988739491e-01
    4.530092988072e-01
    4.637823943477e-01
    4.743163929997e-01
    4.846148814425e-01
    4.946812625697e-01
    5.045169791821e-01
    5.141259673380e-01
    5.235112889704e-01
    5.326771025046e-01
    5.416297180712e-01
    5.503743884152e-01
    5.589139027799e-01
    5.672522959542e-01
    5.753933490836e-01
    5.833435673898e-01
    5.911082004074e-01
    5.986930086773e-01
    6.061025818194e-01
    6.133759481152e-01
    6.205211457514e-01
    6.275404293709e-01
    6.344367676753e-01
    6.412122145286e-01
    6.478700739796e-01
    6.544135446147e-01
    6.608448264797e-01
    6.671647490757e-01
    6.733765113028e-01
    6.794819223372e-01
    6.854831577326e-01
    6.913814072063e-01
    6.971798372174e-01
    7.028812496333e-01
    7.084872021333e-01
    7.139994085478e-01
    7.194195931737e-01
    7.247496542822e-01
    7.299917578518e-01
    7.351481939825e-01
    7.402208759766e-01
    7.452116560051e-01
    7.501212333141e-01
    7.549519772508e-01
    7.597056292554e-01
    7.643834730797e-01
    7.689879921611e-01
    7.735197798582e-01
    7.779806398023e-01
    7.823713749821e-01
    7.866944576708e-01
    7.909509813020e-01
    7.951423405758e-01
    7.992700164658e-01
    8.033356002901e-01
    8.073731287473e-01
    8.113871685628e-01
    8.153779818012e-01
    8.193459360335e-01
    8.232911154818e-01
    8.272135442203e-01
    8.311128920392e-01
    8.349894331545e-01
    8.388434856772e-01
    8.426751414863e-01
    8.464847343842e-01
    8.502724326846e-01
    8.540382791418e-01
    8.577820220117e-01
    8.615035871012e-01
    8.652034519101e-01
    8.688817829409e-01
    8.725387703792e-01
    8.761746650172e-01
    8.797895627688e-01
    8.833835204429e-01
    8.869559932209e-01
    8.905071995137e-01
    8.940375267234e-01
    8.975474002752e-01
    9.010374454835e-01
    9.045080180538e-01
    9.079596428862e-01
    9.113918787317e-01
    9.148008837273e-01
    9.181878184772e-01
    9.215535377549e-01
    9.248959370966e-01
    9.282156985567e-01
    9.315058861486e-01
    9.347660524175e-01
    9.379923977616e-01
    9.411805941099e-01
    9.443263974194e-01
    9.474271447506e-01
    9.504821643196e-01
    9.534884180336e-01
    9.564450269266e-01
    9.593486235723e-01
    9.621969600965e-01
    9.649889470280e-01
    9.677198574482e-01
    9.703908160765e-01
    9.729965963174e-01
    9.755337327811e-01
    9.779997804602e-01
    9.803858679042e-01
    9.826901106610e-01
    9.849081189175e-01
    9.870282573585e-01
    9.890491089455e-01
    9.909668218535e-01
    9.927680319504e-01
    9.944519262515e-01
    9.960183702072e-01
    9.974638491613e-01
    9.987874176133e-01
    1.000000000000e+00
    1.001115624762e+00
    1.002168064401e+00
    1.003167091282e+00
    1.004140028779e+00
    1.005089164468e+00
    1.006038737026e+00
    1.006988407463e+00
    1.007938525918e+00
    1.008888584719e+00
    1.009839087031e+00
    1.010789406598e+00
    1.011740141660e+00
    1.012690582381e+00
    1.013641398530e+00
    1.014591820272e+00
    1.015542565291e+00
    1.016492827400e+00
    1.017443348519e+00
    1.018393309822e+00
    1.019343453720e+00
    1.020292972525e+00
    1.021242585329e+00
    1.022191519430e+00
    1.023140446722e+00
    1.024088653399e+00
    1.025036740211e+00
    1.025984109782e+00
    1.026931253445e+00
    1.027878011968e+00
    1.028824648702e+00
    1.029771032386e+00
    1.030717301230e+00
    1.031663370345e+00
    1.032609279466e+00
    1.033555041377e+00
    1.034500598985e+00
    1.035446061098e+00
    1.036391275451e+00
    1.037336445216e+00
    1.038281324619e+00
    1.039226209528e+00
    1.040170762330e+00
    1.041115369921e+00
    1.042059604518e+00
    1.043003942369e+00
    1.043947867201e+00
    1.044891942936e+00
    1.045835566489e+00
    1.046779387772e+00
    1.047722718579e+00
    1.048666293118e+00
    1.049609339756e+00
    1.050552675300e+00
    1.051495446391e+00
    1.052438550734e+00
    1.053381321840e+00
    1.054327780963e+00
    1.055278517455e+00
    1.056268480576e+00
    1.057298205625e+00
    1.058370217353e+00
    1.059485490716e+00
    1.060646174113e+00
    1.061854174715e+00
    1.063110785158e+00
    1.064418651919e+00
    1.065779723110e+00
    1.067195527214e+00
    1.068668872467e+00
    1.070201328901e+00
    1.071789965037e+00
    1.073427945461e+00
    1.075116614180e+00
    1.076857785343e+00
    1.078653055046e+00
    1.080504074559e+00
    1.082412552401e+00
    1.084380256509e+00
    1.086408984464e+00
    1.088500470075e+00
    1.090656577417e+00
    1.092878976115e+00
    1.095169911752e+00
    1.097531573186e+00
    1.099966167763e+00
    1.102500054953e+00
    1.105200305790e+00
    1.108084884946e+00
    1.111165707915e+00
    1.114456376671e+00
    1.117970835559e+00
    1.121723567271e+00
    1.125730447564e+00
    1.130008567083e+00
    1.134576222007e+00
    1.139452137103e+00
    1.144657604886e+00
    1.150213583009e+00
    1.156142514570e+00
    1.162469268448e+00
    1.169220031415e+00
    1.176423016368e+00
    1.184105887486e+00
    1.192299867313e+00
    1.201052252759e+00
