      51
    0.000000000000e+00
    2.871604226508e-03
    7.453979156670e-03
    1.441855525078e-02
    2.396240062625e-02
    3.628165026941e-02
    5.156450369080e-02
    6.997652313280e-02
    9.163134126707e-02
    1.165456757756e-01
    1.446867593531e-01
    1.760450627786e-01
    2.106690731415e-01
    2.485158343863e-01
    2.890118665882e-01
    3.308700945749e-01
    3.729400706185e-01
    4.146176736080e-01
    4.553015055970e-01
    4.938306795787e-01
    5.288883954017e-01
    5.601598214549e-01
    5.882473837064e-01
    6.140931823881e-01
    6.385482554808e-01
    6.621545256844e-01
    6.851941119720e-01
    7.078394736613e-01
    7.301664696593e-01
    7.521338817619e-01
    7.737338963101e-01
    7.950161852131e-01
    8.160380574401e-01
    8.367481038857e-01
    8.571176267603e-01
    8.771414978509e-01
    8.968266075965e-01
    9.161404950193e-01
    9.349156735015e-01
    9.528766044968e-01
    9.696727297747e-01
    9.851741548194e-01
    1.000000000000e+00
    1.014840271223e+00
    1.030334940976e+00
    1.048003524086e+00
    1.060246938566e+00
    1.095046553179e+00
    1.126029588171e+00
    1.162254272395e+00
    1.202967881945e+00
