  EFITD    05/12/98      # 96333 ,3337ms           3  65  65
  .170000000E+01  .320000000E+01  .169550000E+01  .840000000E+00  .000000000E+00
  .172484987E+01  .205659694E-01 -.160952919E+00  .105243654E+00 -.210592608E+01
  .971635726E+06 -.160952919E+00  .000000000E+00  .172484987E+01  .000000000E+00
  .205659694E-01  .000000000E+00  .105243654E+00  .000000000E+00  .000000000E+00
 -.365353759E+01 -.365055615E+01 -.364763999E+01 -.364478861E+01 -.364200151E+01
 -.363927816E+01 -.363661803E+01 -.363402062E+01 -.363148538E+01 -.362901177E+01
 -.362659927E+01 -.362424731E+01 -.362195536E+01 -.361972286E+01 -.361754924E+01
 -.361543395E+01 -.361337643E+01 -.361137609E+01 -.360943236E+01 -.360754467E+01
 -.360571244E+01 -.360393506E+01 -.360221197E+01 -.360054256E+01 -.359892623E+01
 -.359736239E+01 -.359585043E+01 -.359438974E+01 -.359297971E+01 -.359161974E+01
 -.359030919E+01 -.358904746E+01 -.358783392E+01 -.358666794E+01 -.358554890E+01
 -.358447616E+01 -.358344910E+01 -.358246708E+01 -.358152945E+01 -.358063558E+01
 -.357978483E+01 -.357897655E+01 -.357821009E+01 -.357748480E+01 -.357680004E+01
 -.357615515E+01 -.357554948E+01 -.357498236E+01 -.357445315E+01 -.357396117E+01
 -.357350578E+01 -.357308630E+01 -.357270208E+01 -.357235244E+01 -.357203673E+01
 -.357175426E+01 -.357150438E+01 -.357128641E+01 -.357109968E+01 -.357094352E+01
 -.357081726E+01 -.357072022E+01 -.357065173E+01 -.357061110E+01 -.357059768E+01
  .282280054E+05  .272020600E+05  .261993914E+05  .252197719E+05  .242629734E+05
  .233287683E+05  .224169285E+05  .215272263E+05  .206594337E+05  .198133230E+05
  .189886662E+05  .181852356E+05  .174028031E+05  .166411411E+05  .159000215E+05
  .151792166E+05  .144784985E+05  .137976393E+05  .131364111E+05  .124945862E+05
  .118719366E+05  .112682345E+05  .106832520E+05  .101167612E+05  .956853440E+04
  .903834358E+04  .852596093E+04  .803115859E+04  .755370869E+04  .709338338E+04
  .664995479E+04  .622319506E+04  .581287633E+04  .541877074E+04  .504065043E+04
  .467828752E+04  .433145417E+04  .399992252E+04  .368346469E+04  .338185282E+04
  .309485906E+04  .282225555E+04  .256381442E+04  .231930781E+04  .208850785E+04
  .187118670E+04  .166711647E+04  .147606932E+04  .129781739E+04  .113213280E+04
  .978787701E+03  .837554228E+03  .708204520E+03  .590510715E+03  .484244951E+03
  .389179367E+03  .305086100E+03  .231737290E+03  .168905073E+03  .116361590E+03
  .738789770E+02  .412293733E+02  .181849171E+02  .451774656E+01  .000000000E+00
 -.264766960E+01 -.258798513E+01 -.252888207E+01 -.247036042E+01 -.241242020E+01
 -.235506139E+01 -.229828400E+01 -.224208802E+01 -.218647347E+01 -.213144033E+01
 -.207698861E+01 -.202311830E+01 -.196982941E+01 -.191712194E+01 -.186499589E+01
 -.181345125E+01 -.176248803E+01 -.171210623E+01 -.166230584E+01 -.161308687E+01
 -.156444932E+01 -.151639319E+01 -.146891847E+01 -.142202517E+01 -.137571328E+01
 -.132998282E+01 -.128483377E+01 -.124026614E+01 -.119627992E+01 -.115287513E+01
 -.111005175E+01 -.106780978E+01 -.102614924E+01 -.985070108E+00 -.944572396E+00
 -.904656101E+00 -.865321224E+00 -.826567763E+00 -.788395720E+00 -.750805093E+00
 -.713795884E+00 -.677368092E+00 -.641521717E+00 -.606256760E+00 -.571573219E+00
 -.537471095E+00 -.503950389E+00 -.471011100E+00 -.438653227E+00 -.406876772E+00
 -.375681734E+00 -.345068113E+00 -.315035910E+00 -.285585123E+00 -.256715754E+00
 -.228427801E+00 -.200721266E+00 -.173596148E+00 -.147052447E+00 -.121090163E+00
 -.957092960E-01 -.709098463E-01 -.466918138E-01 -.230551983E-01  .000000000E+00
 -.249473576E+06 -.243849874E+06 -.238280956E+06 -.232766822E+06 -.227307471E+06
 -.221902903E+06 -.216553118E+06 -.211258117E+06 -.206017900E+06 -.200832465E+06
 -.195701815E+06 -.190625947E+06 -.185604863E+06 -.180638562E+06 -.175727045E+06
 -.170870311E+06 -.166068360E+06 -.161321193E+06 -.156628810E+06 -.151991209E+06
 -.147408392E+06 -.142880359E+06 -.138407108E+06 -.133988642E+06 -.129624958E+06
 -.125316058E+06 -.121061942E+06 -.116862608E+06 -.112718058E+06 -.108628292E+06
 -.104593309E+06 -.100613109E+06 -.966876928E+05 -.928170599E+05 -.890012103E+05
 -.852401442E+05 -.815338614E+05 -.778823620E+05 -.742856461E+05 -.707437135E+05
 -.672565643E+05 -.638241985E+05 -.604466160E+05 -.571238170E+05 -.538558013E+05
 -.506425691E+05 -.474841202E+05 -.443804547E+05 -.413315726E+05 -.383374739E+05
 -.353981586E+05 -.325136267E+05 -.296838781E+05 -.269089130E+05 -.241887312E+05
 -.215233329E+05 -.189127179E+05 -.163568863E+05 -.138558381E+05 -.114095733E+05
 -.901809183E+04 -.668139379E+04 -.439947914E+04 -.217234787E+04  .000000000E+00
  .163094656E+00  .159564069E+00  .155662938E+00  .151318757E+00  .146545581E+00
  .141428928E+00  .136140222E+00  .130746566E+00  .124751139E+00  .122960913E+00
  .119406731E+00  .114611352E+00  .108033722E+00  .103166686E+00  .101535578E+00
  .969097774E-01  .942791311E-01  .943062356E-01  .911975838E-01  .911496506E-01
  .938986873E-01  .947372902E-01  .943231019E-01  .929326286E-01  .906647076E-01
  .875057024E-01  .833415257E-01  .779344336E-01  .708661083E-01  .616049359E-01
  .532452592E-01  .510996094E-01  .494132793E-01  .540492421E-01  .591114138E-01
  .713213824E-01  .840609027E-01  .946492673E-01  .103641893E+00  .111496980E+00
  .118531856E+00  .124973652E+00  .130986028E+00  .136684554E+00  .142148243E+00
  .147428999E+00  .152558937E+00  .157555694E+00  .162426146E+00  .167169023E+00
  .171776841E+00  .176237440E+00  .180535347E+00  .184653058E+00  .188572315E+00
  .192275354E+00  .195746097E+00  .198971211E+00  .201940955E+00  .204649753E+00
  .207096442E+00  .209284210E+00  .211220224E+00  .212915054E+00  .214381934E+00
  .161246995E+00  .157019670E+00  .152417382E+00  .147362517E+00  .141883244E+00
  .136131308E+00  .129563450E+00  .125906181E+00  .122132681E+00  .120402228E+00
  .117867340E+00  .114346233E+00  .110087398E+00  .106410784E+00  .103638204E+00
  .100482689E+00  .981182374E-01  .966726220E-01  .948935633E-01  .941818549E-01
  .944851808E-01  .942931666E-01  .933936528E-01  .917730154E-01  .894087652E-01
  .862317462E-01  .821026470E-01  .767766730E-01  .698386986E-01  .606956835E-01
  .521890769E-01  .503917633E-01  .483767772E-01  .533204028E-01  .579961254E-01
  .705015675E-01  .832965924E-01  .940427334E-01  .103333448E+00  .111595875E+00
  .119112811E+00  .126080960E+00  .132641258E+00  .138895375E+00  .144915661E+00
  .150751840E+00  .156435818E+00  .161985240E+00  .167406154E+00  .172695062E+00
  .177840595E+00  .182825034E+00  .187625843E+00  .192217318E+00  .196572408E+00
  .200664660E+00  .204470172E+00  .207969395E+00  .211148585E+00  .214000749E+00
  .216525987E+00  .218731222E+00  .220629392E+00  .222238258E+00  .223579021E+00
  .159916285E+00  .155351923E+00  .150356305E+00  .144743353E+00  .138232752E+00
  .133076773E+00  .128573297E+00  .125834926E+00  .123513141E+00  .121676404E+00
  .119506465E+00  .116908972E+00  .114079662E+00  .111249079E+00  .108559124E+00
  .106066370E+00  .103841142E+00  .101910500E+00  .100253906E+00  .988660577E-01
  .976491398E-01  .963920649E-01  .949026768E-01  .930561026E-01  .907702362E-01
  .879785047E-01  .846158099E-01  .806196492E-01  .759647522E-01  .708726129E-01
  .667775354E-01  .651423543E-01  .653792412E-01  .684003098E-01  .734095333E-01
  .812181311E-01  .901359918E-01  .987743668E-01  .106925025E+00  .114616573E+00
  .121919686E+00  .128908281E+00  .135648311E+00  .142194255E+00  .148588326E+00
  .154860708E+00  .161030151E+00  .167104630E+00  .173081958E+00  .178950365E+00
  .184689146E+00  .190269531E+00  .195655975E+00  .200808007E+00  .205682751E+00
  .210237987E+00  .214435526E+00  .218244462E+00  .221643830E+00  .224624292E+00
  .227188568E+00  .229350632E+00  .231133861E+00  .232568511E+00  .233688986E+00
  .159155431E+00  .154623953E+00  .149787454E+00  .144507964E+00  .138756548E+00
  .134593235E+00  .131637599E+00  .129270666E+00  .127117016E+00  .124891342E+00
  .122570854E+00  .120149060E+00  .117660558E+00  .115167779E+00  .112734431E+00
  .110411400E+00  .108233617E+00  .106217419E+00  .104358551E+00  .102630406E+00
  .100980849E+00  .993376007E-01  .976251438E-01  .957808385E-01  .937629759E-01
  .915548797E-01  .891726118E-01  .866836461E-01  .842427129E-01  .821355956E-01
  .807639431E-01  .805012859E-01  .815814134E-01  .841081237E-01  .880479978E-01
  .932202238E-01  .992752549E-01  .105820889E+00  .112575583E+00  .119385167E+00
  .126179181E+00  .132932912E+00  .139644327E+00  .146321021E+00  .152972774E+00
  .159607158E+00  .166226757E+00  .172827226E+00  .179395771E+00  .185909883E+00
  .192336343E+00  .198630723E+00  .204737769E+00  .210593139E+00  .216126877E+00
  .221268619E+00  .225953983E+00  .230131088E+00  .233765967E+00  .236845846E+00
  .239379705E+00  .241396083E+00  .242938641E+00  .244060550E+00  .244818863E+00
  .158651681E+00  .154393246E+00  .150163573E+00  .145950388E+00  .141861755E+00
  .138469869E+00  .135703314E+00  .133141545E+00  .130684754E+00  .128273315E+00
  .125868506E+00  .123456827E+00  .121045353E+00  .118654965E+00  .116312500E+00
  .114043850E+00  .111869130E+00  .109799648E+00  .107836267E+00  .105969067E+00
  .104178748E+00  .102440428E+00  .100729651E+00  .990292474E-01  .973358648E-01
  .956662124E-01  .940638445E-01  .926066420E-01  .914126188E-01  .906376631E-01
  .904576690E-01  .910365951E-01  .924950131E-01  .948905990E-01  .982101365E-01
  .102371688E+00  .107240556E+00  .112660465E+00  .118487122E+00  .124607759E+00
  .130944228E+00  .137447079E+00  .144087311E+00  .150848922E+00  .157722999E+00
  .164703149E+00  .171781838E+00  .178947204E+00  .186179980E+00  .193450288E+00
  .200714249E+00  .207910675E+00  .214958648E+00  .221757460E+00  .228190772E+00
  .234136069E+00  .239478376E+00  .244124942E+00  .248017244E+00  .251137943E+00
  .253511692E+00  .255199441E+00  .256287253E+00  .256872649E+00  .257052385E+00
  .157622030E+00  .153484753E+00  .150080447E+00  .147126414E+00  .144305483E+00
  .141573689E+00  .138947279E+00  .136405910E+00  .133917597E+00  .131458147E+00
  .129013923E+00  .126581520E+00  .124166456E+00  .121780844E+00  .119440456E+00
  .117161755E+00  .114959421E+00  .112844621E+00  .110824161E+00  .108900603E+00
  .107073409E+00  .105341128E+00  .103704425E+00  .102169615E+00  .100752311E+00
  .994808440E-01  .983991080E-01  .975681492E-01  .970653767E-01  .969800654E-01
  .974045905E-01  .984226548E-01  .100097444E+00  .102462742E+00  .105518888E+00
  .109234333E+00  .113552664E+00  .118403542E+00  .123714429E+00  .129419775E+00
  .135466060E+00  .141813020E+00  .148432414E+00  .155305590E+00  .162420670E+00
  .169769679E+00  .177345651E+00  .185139510E+00  .193136379E+00  .201310811E+00
  .209620358E+00  .217996925E+00  .226336167E+00  .234487637E+00  .242253317E+00
  .249404819E+00  .255719672E+00  .261020159E+00  .265199178E+00  .268233049E+00
  .270184809E+00  .271193189E+00  .271441917E+00  .271119853E+00  .270392086E+00
  .154951141E+00  .149497555E+00  .148952362E+00  .148009067E+00  .146132087E+00
  .143959153E+00  .141650157E+00  .139268203E+00  .136842665E+00  .134389906E+00
  .131922236E+00  .129451861E+00  .126992349E+00  .124558760E+00  .122167069E+00
  .119833279E+00  .117572572E+00  .115398691E+00  .113323732E+00  .111358405E+00
  .109512809E+00  .107797678E+00  .106225981E+00  .104814708E+00  .103586616E+00
  .102571667E+00  .101807851E+00  .101341055E+00  .101223606E+00  .101511308E+00
  .102259080E+00  .103515810E+00  .105319360E+00  .107692784E+00  .110642554E+00
  .114159160E+00  .118219950E+00  .122793550E+00  .127844844E+00  .133339493E+00
  .139247301E+00  .145544185E+00  .152212939E+00  .159243097E+00  .166630239E+00
  .174374926E+00  .182481336E+00  .190955466E+00  .199802557E+00  .209023007E+00
  .218605363E+00  .228513599E+00  .238663061E+00  .248875557E+00  .258815205E+00
  .267985876E+00  .275893228E+00  .282194084E+00  .286700803E+00  .289365972E+00
  .290316827E+00  .289897781E+00  .288572750E+00  .286730404E+00  .284625229E+00
  .158816869E+00  .154960636E+00  .152299345E+00  .150356133E+00  .148506656E+00
  .146513300E+00  .144351113E+00  .142048808E+00  .139641270E+00  .137159782E+00
  .134631426E+00  .132080204E+00  .129528117E+00  .126995847E+00  .124503078E+00
  .122068592E+00  .119710266E+00  .117445114E+00  .115289447E+00  .113259220E+00
  .111370578E+00  .109640587E+00  .108088069E+00  .106734464E+00  .105604563E+00
  .104726991E+00  .104134256E+00  .103862248E+00  .103949094E+00  .104433376E+00
  .105351910E+00  .106737332E+00  .108615858E+00  .111005633E+00  .113915954E+00
  .117347559E+00  .121293898E+00  .125743166E+00  .130680744E+00  .136091646E+00
  .141962694E+00  .148284248E+00  .155051470E+00  .162265208E+00  .169932631E+00
  .178067755E+00  .186691970E+00  .195834658E+00  .205533908E+00  .215837238E+00
  .226802024E+00  .238494903E+00  .250988778E+00  .264354271E+00  .278539866E+00
  .291692100E+00  .302262330E+00  .310101103E+00  .315076155E+00  .316990385E+00
  .315569131E+00  .311557166E+00  .307267471E+00  .303067440E+00  .299073804E+00
  .158913107E+00  .153919499E+00  .153503211E+00  .152926374E+00  .151408253E+00
  .149500576E+00  .147334986E+00  .144976915E+00  .142475278E+00  .139871473E+00
  .137201408E+00  .134496530E+00  .131784743E+00  .129091223E+00  .126439085E+00
  .123849903E+00  .121344117E+00  .118941389E+00  .116660946E+00  .114521961E+00
  .112543961E+00  .110747279E+00  .109153496E+00  .107785832E+00  .106669407E+00
  .105831314E+00  .105300407E+00  .105106746E+00  .105280762E+00  .105851974E+00
  .106847969E+00  .108293242E+00  .110208221E+00  .112608547E+00  .115504779E+00
  .118902607E+00  .122803543E+00  .127206029E+00  .132106813E+00  .137502467E+00
  .143390906E+00  .149772843E+00  .156653170E+00  .164042312E+00  .171957656E+00
  .180425225E+00  .189481809E+00  .199177895E+00  .209581884E+00  .220786426E+00
  .232918364E+00  .246155064E+00  .260751542E+00  .277071527E+00  .295372192E+00
  .313320467E+00  .325901718E+00  .336197722E+00  .341833388E+00  .343363902E+00
  .341249010E+00  .333354615E+00  .325387702E+00  .318435840E+00  .312383690E+00
  .165039739E+00  .161449619E+00  .158996577E+00  .157154904E+00  .155278722E+00
  .153151388E+00  .150768854E+00  .148178504E+00  .145432954E+00  .142579605E+00
  .139659250E+00  .136706886E+00  .133752939E+00  .130824416E+00  .127945852E+00
  .125140058E+00  .122428711E+00  .119832832E+00  .117373184E+00  .115070626E+00
  .112946434E+00  .111022590E+00  .109322016E+00  .107868748E+00  .106687988E+00
  .105806028E+00  .105250061E+00  .105047328E+00  .105225146E+00  .105807659E+00
  .106817381E+00  .108274104E+00  .110194940E+00  .112593845E+00  .115481610E+00
  .118866048E+00  .122752457E+00  .127144326E+00  .132044231E+00  .137454877E+00
  .143380236E+00  .149826756E+00  .156804664E+00  .164329403E+00  .172423303E+00
  .181117652E+00  .190455388E+00  .200494792E+00  .211314692E+00  .223022040E+00
  .235763150E+00  .249740683E+00  .265239732E+00  .282666499E+00  .302524174E+00
  .323504027E+00  .338481369E+00  .350373993E+00  .357735816E+00  .359699490E+00
  .358730605E+00  .350121703E+00  .339588637E+00  .330411160E+00  .322755391E+00
  .168678444E+00  .164463600E+00  .163194034E+00  .162068628E+00  .160036811E+00
  .157521344E+00  .154699328E+00  .151672293E+00  .148509629E+00  .145262830E+00
  .141972239E+00  .138670951E+00  .135387275E+00  .132146355E+00  .128971286E+00
  .125883900E+00  .122905347E+00  .120056531E+00  .117358454E+00  .114832492E+00
  .112500624E+00  .110385605E+00  .108511096E+00  .106901722E+00  .105583047E+00
  .104581212E+00  .103924783E+00  .103641591E+00  .103757133E+00  .104293938E+00
  .105271015E+00  .106702822E+00  .108604727E+00  .110988909E+00  .113865561E+00
  .117242786E+00  .121127006E+00  .125523446E+00  .130436763E+00  .135871792E+00
  .141834384E+00  .148332355E+00  .155376522E+00  .162981902E+00  .171169097E+00
  .179965980E+00  .189409809E+00  .199549938E+00  .210451365E+00  .222199365E+00
  .234905445E+00  .248714571E+00  .263812896E+00  .280435506E+00  .298894245E+00
  .319662365E+00  .338764222E+00  .349569623E+00  .360339046E+00  .362413464E+00
  .363045437E+00  .358005564E+00  .346729756E+00  .336641259E+00  .328477389E+00
  .177869836E+00  .174715813E+00  .171959757E+00  .169183998E+00  .166055393E+00
  .162635806E+00  .159037502E+00  .155336186E+00  .151580419E+00  .147804266E+00
  .144034286E+00  .140293037E+00  .136600916E+00  .132977193E+00  .129440665E+00
  .126010088E+00  .122704493E+00  .119543425E+00  .116547124E+00  .113736675E+00
  .111134121E+00  .108762544E+00  .106646128E+00  .104810181E+00  .103281892E+00
  .102092423E+00  .101271251E+00  .100845937E+00  .100841594E+00  .101280379E+00
  .102181011E+00  .103558355E+00  .105423229E+00  .107781664E+00  .110643515E+00
  .114015622E+00  .117903740E+00  .122312537E+00  .127246101E+00  .132708443E+00
  .138704075E+00  .145238639E+00  .152319592E+00  .159956941E+00  .168164041E+00
  .176958458E+00  .186362890E+00  .196406122E+00  .207123951E+00  .218559882E+00
  .230765319E+00  .243798762E+00  .257723580E+00  .272605095E+00  .288516748E+00
  .305655429E+00  .325201037E+00  .337070749E+00  .344840554E+00  .353604329E+00
  .351077550E+00  .353800338E+00  .344037469E+00  .335021656E+00  .328452914E+00
  .189006630E+00  .186765525E+00  .182616268E+00  .177636448E+00  .172718702E+00
  .167975608E+00  .163358544E+00  .158830768E+00  .154375527E+00  .149988111E+00
  .145670620E+00  .141429294E+00  .137273189E+00  .133213503E+00  .129263219E+00
  .125436920E+00  .121750690E+00  .118222068E+00  .114870034E+00  .111714998E+00
  .108778789E+00  .106084621E+00  .103657130E+00  .101527293E+00  .997280328E-01
  .982912231E-01  .972471648E-01  .966241091E-01  .964477672E-01  .967408361E-01
  .975225600E-01  .988083519E-01  .100609496E+00  .102932920E+00  .105781180E+00
  .109152914E+00  .113053161E+00  .117484196E+00  .122447751E+00  .127944992E+00
  .133976907E+00  .140544637E+00  .147649790E+00  .155294698E+00  .163482597E+00
  .172217655E+00  .181504769E+00  .191348984E+00  .201754294E+00  .212721436E+00
  .224244070E+00  .236302273E+00  .248851449E+00  .261802513E+00  .274981997E+00
  .288038710E+00  .300267895E+00  .310717090E+00  .318958550E+00  .324864851E+00
  .328335038E+00  .329573480E+00  .328743219E+00  .326584436E+00  .323997038E+00
  .199839838E+00  .199018101E+00  .192019586E+00  .184566563E+00  .178259110E+00
  .172460211E+00  .166961293E+00  .161671568E+00  .156543143E+00  .151549257E+00
  .146675684E+00  .141916470E+00  .137271525E+00  .132745187E+00  .128345309E+00
  .124082682E+00  .119970653E+00  .116024876E+00  .112263142E+00  .108705279E+00
  .105373079E+00  .102289774E+00  .994905709E-01  .970104772E-01  .948839579E-01
  .931444147E-01  .918236565E-01  .909513759E-01  .905546365E-01  .906573833E-01
  .912799928E-01  .924388762E-01  .941461534E-01  .964094071E-01  .992315351E-01
  .102610683E+00  .106540128E+00  .111011808E+00  .116025157E+00  .121577109E+00
  .127663953E+00  .134281239E+00  .141423804E+00  .149085678E+00  .157259815E+00
  .165937583E+00  .175107893E+00  .184755830E+00  .194860547E+00  .205392128E+00
  .216306948E+00  .227540923E+00  .238999787E+00  .250545613E+00  .261980068E+00
  .273031045E+00  .283363281E+00  .292636402E+00  .300583448E+00  .307045873E+00
  .311974892E+00  .315431042E+00  .317581735E+00  .318688417E+00  .319044482E+00
  .201016971E+00  .199054569E+00  .194414887E+00  .188235963E+00  .181767204E+00
  .175452659E+00  .169365842E+00  .163490643E+00  .157798355E+00  .152264791E+00
  .146873080E+00  .141613217E+00  .136481050E+00  .131477333E+00  .126606957E+00
  .121878382E+00  .117303213E+00  .112895902E+00  .108673528E+00  .104655658E+00
  .100865969E+00  .973413375E-01  .941190922E-01  .912365254E-01  .887303916E-01
  .866363695E-01  .849885051E-01  .838186513E-01  .831559174E-01  .830261419E-01
  .834514020E-01  .844495758E-01  .860339692E-01  .882130179E-01  .909900766E-01
  .943632956E-01  .983255923E-01  .102864757E+00  .107962750E+00  .113605665E+00
  .119785355E+00  .126491667E+00  .133712920E+00  .141435689E+00  .149644312E+00
  .158320184E+00  .167440721E+00  .176977924E+00  .186896405E+00  .197150787E+00
  .207682365E+00  .218415040E+00  .229250769E+00  .240065331E+00  .250706227E+00
  .260995774E+00  .270742579E+00  .279761415E+00  .287895778E+00  .295035454E+00
  .301125849E+00  .306169871E+00  .310222910E+00  .313380012E+00  .315755924E+00
  .208765338E+00  .208266481E+00  .199465045E+00  .190961455E+00  .183752474E+00
  .176973949E+00  .170456195E+00  .164142268E+00  .158001087E+00  .152011262E+00
  .146157918E+00  .140431800E+00  .134828679E+00  .129348805E+00  .123996425E+00
  .118779375E+00  .113708769E+00  .108798758E+00  .104066363E+00  .995354163E-01
  .952441046E-01  .912318254E-01  .875386448E-01  .842047412E-01  .812698306E-01
  .787725721E-01  .767499595E-01  .752367091E-01  .742646560E-01  .738621720E-01
  .740536202E-01  .748588598E-01  .762928144E-01  .783651157E-01  .810798326E-01
  .844352905E-01  .884239840E-01  .930325814E-01  .982420023E-01  .104027791E+00
  .110358122E+00  .117215376E+00  .124582019E+00  .132438802E+00  .140763801E+00
  .149531852E+00  .158713701E+00  .168274860E+00  .178174187E+00  .188362199E+00
  .198779191E+00  .209353357E+00  .219999224E+00  .230616984E+00  .241093452E+00
  .251305422E+00  .261125733E+00  .270431471E+00  .279112787E+00  .287080432E+00
  .294270647E+00  .300646817E+00  .306197892E+00  .310934060E+00  .314880730E+00
  .204376232E+00  .202242402E+00  .197393912E+00  .190881841E+00  .183927515E+00
  .177013945E+00  .170244463E+00  .163622824E+00  .157134612E+00  .150765705E+00
  .144505901E+00  .138349314E+00  .132294115E+00  .126342217E+00  .120498986E+00
  .114773023E+00  .109176006E+00  .103722580E+00  .984358523E-01  .933553332E-01
  .885224009E-01  .839797939E-01  .797710628E-01  .759399842E-01  .725299437E-01
  .695832915E-01  .671406787E-01  .652403859E-01  .639176562E-01  .632040488E-01
  .631268257E-01  .637083903E-01  .649657904E-01  .669102992E-01  .695470865E-01
  .728749855E-01  .768863615E-01  .815670785E-01  .868965591E-01  .928479252E-01
  .993881396E-01  .106478708E+00  .114077560E+00  .122162951E+00  .130708563E+00
  .139685556E+00  .149061870E+00  .158801387E+00  .168863016E+00  .179199708E+00
  .189757490E+00  .200474644E+00  .211281206E+00  .222099022E+00  .232842580E+00
  .243420735E+00  .253739280E+00  .263704055E+00  .273224084E+00  .282214219E+00
  .290596958E+00  .298303421E+00  .305273816E+00  .311457923E+00  .316816137E+00
  .209254141E+00  .208431596E+00  .199093460E+00  .190343022E+00  .182898381E+00
  .175804761E+00  .168869082E+00  .162033848E+00  .155277093E+00  .148588888E+00
  .141964893E+00  .135404377E+00  .128909553E+00  .122485346E+00  .116139311E+00
  .109881624E+00  .103725127E+00  .976912492E-01  .918208674E-01  .861572867E-01
  .807458018E-01  .756332004E-01  .708672105E-01  .664958943E-01  .625669949E-01
  .591272444E-01  .562216439E-01  .538927275E-01  .521798251E-01  .511183418E-01
  .507390699E-01  .510675527E-01  .521235160E-01  .539203848E-01  .564648968E-01
  .597568257E-01  .637888179E-01  .685463469E-01  .740077814E-01  .801445591E-01
  .869214554E-01  .942969458E-01  .102223527E+00  .110647469E+00  .119530677E+00
  .128843054E+00  .138552611E+00  .148624791E+00  .159021964E+00  .169702908E+00
  .180622313E+00  .191730361E+00  .202972457E+00  .214289143E+00  .225616210E+00
  .236884957E+00  .248022443E+00  .258951552E+00  .269590620E+00  .279852545E+00
  .289643517E+00  .298861970E+00  .307398866E+00  .315140724E+00  .321976463E+00
  .200879155E+00  .198228868E+00  .193374296E+00  .187121128E+00  .180370030E+00
  .173471612E+00  .166523710E+00  .159556371E+00  .152582031E+00  .145608161E+00
  .138640938E+00  .131686636E+00  .124752345E+00  .117846431E+00  .110978859E+00
  .104161415E+00  .974127154E-01  .907750093E-01  .842933979E-01  .780155135E-01
  .719911155E-01  .662716076E-01  .609094801E-01  .559576833E-01  .514689387E-01
  .474949974E-01  .440858593E-01  .412889664E-01  .391483890E-01  .377040217E-01
  .369908125E-01  .370380438E-01  .378686861E-01  .394988451E-01  .419373185E-01
  .451852754E-01  .492360714E-01  .540752008E-01  .596803897E-01  .660218242E-01
  .730625035E-01  .807587058E-01  .890605435E-01  .979126082E-01  .107254885E+00
  .117028930E+00  .127205219E+00  .137752524E+00  .148638504E+00  .159829499E+00
  .171290298E+00  .182983899E+00  .194871265E+00  .206911039E+00  .219059121E+00
  .231267948E+00  .243485253E+00  .255651984E+00  .267699032E+00  .279542460E+00
  .291077192E+00  .302169858E+00  .312653051E+00  .322325705E+00  .330965653E+00
  .198341534E+00  .195481961E+00  .190386120E+00  .184105645E+00  .177448782E+00
  .170584495E+00  .163575103E+00  .156458532E+00  .149259497E+00  .141995157E+00
  .134678623E+00  .127321079E+00  .119933096E+00  .112525518E+00  .105110102E+00
  .977007246E-01  .903406638E-01  .830764535E-01  .759576417E-01  .690364865E-01
  .623675681E-01  .560073105E-01  .500134151E-01  .444442087E-01  .393579145E-01
  .348118565E-01  .308616112E-01  .275601235E-01  .249568062E-01  .230966455E-01
  .220193361E-01  .217584703E-01  .223408062E-01  .237856374E-01  .261042877E-01
  .292997459E-01  .333664568E-01  .382902767E-01  .440485963E-01  .506106302E-01
  .579378641E-01  .659846494E-01  .746989289E-01  .840230782E-01  .938948471E-01
  .104248335E+00  .115013435E+00  .126160189E+00  .137662281E+00  .149494458E+00
  .161632424E+00  .174052772E+00  .186732897E+00  .199650797E+00  .212784651E+00
  .226111936E+00  .239607792E+00  .253242120E+00  .266974699E+00  .280747193E+00
  .294470425E+00  .308004712E+00  .321131635E+00  .333523036E+00  .344738482E+00
  .196664531E+00  .193756065E+00  .188093583E+00  .181387915E+00  .174530597E+00
  .167508776E+00  .160321786E+00  .152984921E+00  .145515075E+00  .137927320E+00
  .130234760E+00  .122449164E+00  .114581691E+00  .106643556E+00  .986466263E-01
  .906293071E-01  .826392750E-01  .747274478E-01  .669479016E-01  .593576429E-01
  .520162544E-01  .449854252E-01  .383283718E-01  .321091562E-01  .263919109E-01
  .212399825E-01  .167150081E-01  .128759455E-01  .977807679E-02  .747201237E-02
  .600272180E-02  .540862032E-02  .572073996E-02  .696201354E-02  .914669711E-02
  .122799534E-01  .163576143E-01  .213661340E-01  .272827406E-01  .340757840E-01
  .417052754E-01  .501236040E-01  .592764142E-01  .691036179E-01  .795405121E-01
  .905189599E-01  .101968583E+00  .113818335E+00  .126034959E+00  .138602047E+00
  .151506496E+00  .164738800E+00  .178293381E+00  .192168915E+00  .206368581E+00
  .220900083E+00  .235775208E+00  .251008510E+00  .266614404E+00  .282601415E+00
  .298961103E+00  .315646520E+00  .332526646E+00  .349261241E+00  .364917480E+00
  .193782527E+00  .190391824E+00  .185051188E+00  .178536993E+00  .171566388E+00
  .164342020E+00  .156913012E+00  .149298357E+00  .141510721E+00  .133560995E+00
  .125459227E+00  .117214956E+00  .108837518E+00  .100336412E+00  .917414133E-01
  .830999184E-01  .744630229E-01  .658855003E-01  .574256747E-01  .491451783E-01
  .411085877E-01  .333829384E-01  .260371193E-01  .191411512E-01  .127653568E-01
  .697943566E-02  .185145782E-02 -.255320192E-02 -.617296518E-02 -.895115846E-02
 -.108370979E-01 -.117871175E-01 -.117655064E-01 -.107453235E-01 -.870905774E-02
 -.564910706E-02 -.156805429E-02  .352127612E-02  .959598950E-02  .166235220E-01
  .245622653E-01  .333624029E-01  .429669381E-01  .533128913E-01  .643326401E-01
  .759553767E-01  .881086661E-01  .100720107E+00  .113719029E+00  .127076271E+00
  .140789054E+00  .154860735E+00  .169301686E+00  .184130403E+00  .199374882E+00
  .215074309E+00  .231281081E+00  .248063233E+00  .265507308E+00  .283721851E+00
  .302841807E+00  .323034340E+00  .344505254E+00  .367502561E+00  .391198578E+00
  .193160653E+00  .190004130E+00  .183432963E+00  .176038336E+00  .168683244E+00
  .161168066E+00  .153447331E+00  .145515106E+00  .137374583E+00  .129031213E+00
  .120491026E+00  .111760177E+00  .102844824E+00  .937619849E-01  .845571142E-01
  .752799582E-01  .659845384E-01  .567290808E-01  .475758585E-01  .385909270E-01
  .298437416E-01  .214066465E-01  .133542356E-01  .576258343E-02 -.129164442E-02
 -.773219319E-02 -.134843148E-01 -.184759367E-01 -.226388777E-01 -.259100787E-01
 -.282328138E-01 -.295578451E-01 -.298444813E-01 -.290615031E-01 -.271879192E-01
 -.242135201E-01 -.201392047E-01 -.149770589E-01 -.875017531E-02 -.149221101E-02
  .675331192E-02  .159339489E-01  .259894990E-01  .368533695E-01  .484541108E-01
  .607170938E-01  .735663041E-01  .869262311E-01  .100723830E+00  .114890547E+00
  .129409279E+00  .144293450E+00  .159565817E+00  .175260201E+00  .191423894E+00
  .208120887E+00  .225436230E+00  .243481987E+00  .262405539E+00  .282401463E+00
  .303729278E+00  .326742401E+00  .351949292E+00  .380271449E+00  .415932409E+00
  .189664077E+00  .185782090E+00  .180091431E+00  .173203806E+00  .165768709E+00
  .158016431E+00  .150000698E+00  .141733687E+00  .133219603E+00  .124461435E+00
  .115462080E+00  .106224514E+00  .967520762E-01  .870829435E-01  .772642497E-01
  .673478807E-01  .573904957E-01  .474534732E-01  .376027589E-01  .279085987E-01
  .184451433E-01  .928991533E-02  .523135772E-03 -.777309332E-02 -.155157425E-01
 -.226219354E-01 -.290101397E-01 -.346014452E-01 -.393209004E-01 -.430988739E-01
 -.458724019E-01 -.475864795E-01 -.481952518E-01 -.476630629E-01 -.459653192E-01
 -.430891322E-01 -.390337080E-01 -.338104620E-01 -.274428431E-01 -.199658646E-01
 -.114253470E-01 -.187688576E-02  .861542992E-02  .199805222E-01  .321420185E-01
  .450201025E-01  .585334904E-01  .726015083E-01  .871462518E-01  .102094825E+00
  .117381671E+00  .133008540E+00  .149005017E+00  .165412471E+00  .182286991E+00
  .199703207E+00  .217759478E+00  .236585055E+00  .256350058E+00  .277279365E+00
  .299671517E+00  .323922827E+00  .350554236E+00  .380256582E+00  .414191877E+00
  .190126751E+00  .186697593E+00  .179001724E+00  .170934298E+00  .163066610E+00
  .155003698E+00  .146671862E+00  .138056766E+00  .129156440E+00  .119970921E+00
  .110499941E+00  .100742366E+00  .907162883E-01  .804655418E-01  .700387972E-01
  .594898289E-01  .488776372E-01  .382664456E-01  .277255733E-01  .173291774E-01
  .715585213E-02 -.271192114E-02 -.121884800E-01 -.211858452E-01 -.296147371E-01
 -.373857372E-01 -.444105745E-01 -.506035163E-01 -.558828295E-01 -.601722783E-01
 -.634026140E-01 -.655130106E-01 -.664523978E-01 -.661806430E-01 -.646695331E-01
 -.619035174E-01 -.578801733E-01 -.526103692E-01 -.461181081E-01 -.384400475E-01
 -.296247006E-01 -.197313369E-01 -.882860824E-02  .300706505E-02  .156933091E-01
  .291437723E-01  .432702224E-01  .579847336E-01  .732019442E-01  .888413855E-01
  .104829926E+00  .121104445E+00  .137690407E+00  .154627188E+00  .171967236E+00
  .189778945E+00  .208150636E+00  .227196089E+00  .247062298E+00  .267940613E+00
  .290083186E+00  .313827694E+00  .339628658E+00  .368007348E+00  .398382187E+00
  .185787205E+00  .181402202E+00  .175452935E+00  .168313997E+00  .160478148E+00
  .152196872E+00  .143557741E+00  .134587744E+00  .125294081E+00  .115676953E+00
  .105733653E+00  .954602126E-01  .848929469E-01  .740757692E-01  .630581509E-01
  .518952544E-01  .406480154E-01  .293831353E-01  .181729579E-01  .709521424E-02
 -.376738349E-02 -.143277075E-01 -.244949501E-01 -.341755321E-01 -.432741805E-01
 -.516951676E-01 -.593436931E-01 -.661273856E-01 -.719578907E-01 -.767525049E-01
 -.804358112E-01 -.829412625E-01 -.842126615E-01 -.842054816E-01 -.828879752E-01
 -.802420249E-01 -.762636948E-01 -.709634534E-01 -.643660490E-01 -.565100320E-01
 -.474469317E-01 -.372401080E-01 -.259633085E-01 -.136989734E-01 -.536335284E-03
  .134306356E-01  .281053860E-01  .433909857E-01  .591923368E-01  .754183400E-01
  .919839681E-01  .108812161E+00  .125856569E+00  .143148015E+00  .160726018E+00
  .178639820E+00  .196949782E+00  .215729104E+00  .235065865E+00  .255065477E+00
  .275854009E+00  .297584425E+00  .320453922E+00  .344752644E+00  .370607449E+00
  .186401631E+00  .182343866E+00  .175171040E+00  .166899418E+00  .158471438E+00
  .149777719E+00  .140766641E+00  .131420253E+00  .121728820E+00  .111683659E+00
  .101275278E+00  .905107130E-01  .794287819E-01  .680738116E-01  .564960053E-01
  .447516835E-01  .329034161E-01  .210200435E-01  .917657108E-02 -.254607752E-02
 -.140614663E-01 -.252782247E-01 -.361008078E-01 -.464304448E-01 -.561662728E-01
 -.652066498E-01 -.734506273E-01 -.807995590E-01 -.871588109E-01 -.924395300E-01
 -.965604214E-01 -.994494802E-01 -.101045617E+00 -.101300118E+00 -.100177886E+00
 -.976583995E-01 -.937363573E-01 -.884219693E-01 -.817408712E-01 -.737336615E-01
 -.644550662E-01 -.539727560E-01 -.423658526E-01 -.297231722E-01 -.161412618E-01
 -.172229154E-02  .134281329E-01  .292031733E-01  .454969160E-01  .622064247E-01
  .792336368E-01  .964870599E-01  .113883245E+00  .131393587E+00  .149041382E+00
  .166852152E+00  .184852633E+00  .203068750E+00  .221521872E+00  .240221927E+00
  .259154459E+00  .278255085E+00  .297355966E+00  .316073918E+00  .333641219E+00
  .184879242E+00  .180431110E+00  .173552969E+00  .165348893E+00  .156673157E+00
  .147658579E+00  .138306391E+00  .128603089E+00  .118534038E+00  .108084662E+00
  .972398860E-01  .860196746E-01  .744621127E-01  .626114084E-01  .505181492E-01
  .382395060E-01  .258393617E-01  .133883414E-01  .963719492E-03 -.113508182E-01
 -.234655771E-01 -.352854394E-01 -.467106438E-01 -.576377681E-01 -.679609129E-01
 -.775730810E-01 -.863677331E-01 -.942404958E-01 -.101090986E+00 -.106824705E+00
 -.111354952E+00 -.114604693E+00 -.116508331E+00 -.117013300E+00 -.116081428E+00
 -.113690012E+00 -.109832552E+00 -.104519114E+00 -.977762834E-01 -.896467311E-01
 -.801883688E-01 -.694731450E-01 -.575855106E-01 -.446206134E-01 -.306822832E-01
 -.158808799E-01 -.331080310E-03  .158503236E-01  .325465401E-01  .496427412E-01
  .670278118E-01  .845958392E-01  .102247311E+00  .119890033E+00  .137513628E+00
  .155123049E+00  .172717656E+00  .190287601E+00  .207808359E+00  .225232493E+00
  .242477397E+00  .259407799E+00  .275813607E+00  .291390562E+00  .305744849E+00
  .184354848E+00  .179853676E+00  .172637892E+00  .164091507E+00  .155136000E+00
  .145842073E+00  .136194845E+00  .126176728E+00  .115770379E+00  .104958324E+00
  .937238163E-01  .820976705E-01  .701173302E-01  .578268809E-01  .452771957E-01
  .325261074E-01  .196385404E-01  .668655703E-02 -.625071567E-02 -.190873081E-01
 -.317308029E-01 -.440829213E-01 -.560403175E-01 -.674955875E-01 -.783384954E-01
 -.884574091E-01 -.977409297E-01 -.106079687E+00 -.113368264E+00 -.119507206E+00
 -.124405056E+00 -.127980349E+00 -.130163510E+00 -.130898573E+00 -.130144663E+00
 -.127877167E+00 -.124088564E+00 -.118788844E+00 -.112005522E+00 -.103783210E+00
 -.941827858E-01 -.832801673E-01 -.711647461E-01 -.579375392E-01 -.437091283E-01
 -.285974662E-01 -.127256324E-01  .378037730E-02  .207937460E-01  .381887355E-01
  .558423132E-01  .736354251E-01  .914538172E-01  .109188259E+00  .126758009E+00
  .144155055E+00  .161363120E+00  .178354307E+00  .195084991E+00  .211490779E+00
  .227480708E+00  .242931521E+00  .257684114E+00  .271545795E+00  .284302481E+00
  .183876479E+00  .179320810E+00  .171847269E+00  .163048769E+00  .153880237E+00
  .144363732E+00  .134473660E+00  .124190598E+00  .113496366E+00  .102371872E+00
  .908089701E-01  .788397545E-01  .665023088E-01  .538411417E-01  .409075573E-01
  .277599582E-01  .144640621E-01  .109300689E-02 -.122726825E-01 -.255452880E-01
 -.386302775E-01 -.514268874E-01 -.638289239E-01 -.757257923E-01 -.870037564E-01
 -.975474205E-01 -.107241419E+00 -.115972285E+00 -.123630459E+00 -.130112395E+00
 -.135322696E+00 -.139176220E+00 -.141600085E+00 -.142535493E+00 -.141939315E+00
 -.139785354E+00 -.136065244E+00 -.130788937E+00 -.123984751E+00 -.115698971E+00
 -.105995015E+00 -.949521994E-01 -.826641456E-01 -.692368911E-01 -.547867875E-01
 -.394382630E-01 -.233215382E-01 -.657038420E-02  .106799911E-01  .282948504E-01
  .461415527E-01  .640908350E-01  .820176950E-01  .998018470E-01  .117327779E+00
  .134550666E+00  .151449858E+00  .167993295E+00  .184135596E+00  .199816096E+00
  .214957286E+00  .229464308E+00  .243226475E+00  .256121830E+00  .268025362E+00
  .182889053E+00  .178070685E+00  .170848239E+00  .162200113E+00  .152952818E+00
  .143279266E+00  .133197623E+00  .122699867E+00  .111771363E+00  .100393857E+00
  .885675401E-01  .763253277E-01  .637057630E-01  .507536120E-01  .375203826E-01
  .240647434E-01  .104528250E-01 -.324161563E-02 -.169371868E-01 -.305450292E-01
 -.439691788E-01 -.571071449E-01 -.698507157E-01 -.820870022E-01 -.936997221E-01
 -.104570717E+00 -.114581690E+00 -.123616123E+00 -.131561360E+00 -.138310781E+00
 -.143766014E+00 -.147839132E+00 -.150454737E+00 -.151551873E+00 -.151085681E+00
 -.149028743E+00 -.145372035E+00 -.140125468E+00 -.133317962E+00 -.124997075E+00
 -.115228168E+00 -.104093163E+00 -.916889259E-01 -.781253509E-01 -.635232173E-01
 -.480119113E-01 -.317270991E-01 -.148084416E-01  .260256241E-02  .203645289E-01
  .383378677E-01  .563861319E-01  .743769894E-01  .921827738E-01  .109680550E+00
  .126779053E+00  .143458734E+00  .159689934E+00  .175432403E+00  .190635067E+00
  .205236332E+00  .219165278E+00  .232344047E+00  .244691659E+00  .256129234E+00
  .183803015E+00  .179297647E+00  .171230159E+00  .161972318E+00  .152502357E+00
  .142668367E+00  .132422809E+00  .121750470E+00  .110638251E+00  .990689071E-01
  .870482750E-01  .746094389E-01  .617907255E-01  .486365440E-01  .351980515E-01
  .215336575E-01  .770937868E-02 -.620096438E-02 -.201157172E-01 -.339455466E-01
 -.475937981E-01 -.609570734E-01 -.739260414E-01 -.863864939E-01 -.982206463E-01
 -.109308679E+00 -.119530502E+00 -.128767716E+00 -.136905729E+00 -.143835983E+00
 -.149458220E+00 -.153682727E+00 -.156432483E+00 -.157645123E+00 -.157274651E+00
 -.155292823E+00 -.151690154E+00 -.146476479E+00 -.139681066E+00 -.131352247E+00
 -.121556596E+00 -.110377681E+00 -.979144295E-01 -.842791979E-01 -.695955983E-01
 -.539961896E-01 -.376201157E-01 -.206107808E-01 -.311364762E-02  .147257688E-01
  .327636517E-01  .508593351E-01  .688764393E-01  .866837072E-01  .104155613E+00
  .121172945E+00  .137711916E+00  .153746801E+00  .169243261E+00  .184158759E+00
  .198443518E+00  .212042136E+00  .224895900E+00  .236945831E+00  .248136302E+00
  .182485677E+00  .177436107E+00  .170423202E+00  .161908390E+00  .152515438E+00
  .142568398E+00  .132174300E+00  .121355980E+00  .110106984E+00  .984090357E-01
  .862683771E-01  .737162056E-01  .607891968E-01  .475303838E-01  .339897996E-01
  .202249529E-01  .630115710E-02 -.770829239E-02 -.217221034E-01 -.356511538E-01
 -.493988591E-01 -.628617582E-01 -.759303332E-01 -.884900735E-01 -.100422787E+00
 -.111608154E+00 -.121925502E+00 -.131255785E+00 -.139483720E+00 -.146500027E+00
 -.152203723E+00 -.156504390E+00 -.159324339E+00 -.160600607E+00 -.160286689E+00
 -.158353946E+00 -.154792625E+00 -.149612450E+00 -.142842736E+00 -.134532035E+00
 -.124747325E+00 -.113572752E+00 -.101108004E+00 -.874663666E-01 -.727725423E-01
 -.571603293E-01 -.407702413E-01 -.237471645E-01 -.623813255E-02  .116097074E-01
  .296508751E-01  .477430424E-01  .657481931E-01  .835334450E-01  .100971526E+00
  .117940875E+00  .134402566E+00  .150335000E+00  .165708152E+00  .180484500E+00
  .194620300E+00  .208067303E+00  .220774988E+00  .232693254E+00  .243775465E+00
  .187341966E+00  .183502256E+00  .173903195E+00  .163400043E+00  .153266220E+00
  .142983058E+00  .132401851E+00  .121464725E+00  .110135855E+00  .983839225E-01
  .862082215E-01  .736356706E-01  .606999653E-01  .474419193E-01  .339098297E-01
  .201597930E-01  .625593267E-02 -.772949080E-02 -.217161123E-01 -.356156615E-01
 -.493323537E-01 -.627634906E-01 -.758002908E-01 -.883289590E-01 -.100231999E+00
 -.111389764E+00 -.121682233E+00 -.130990977E+00 -.139201290E+00 -.146204422E+00
 -.151899859E+00 -.156197584E+00 -.159020233E+00 -.160305078E+00 -.160005755E+00
 -.158093671E+00 -.154559015E+00 -.149411351E+00 -.142679736E+00 -.134412371E+00
 -.124675792E+00 -.113553624E+00 -.101144967E+00 -.875624541E-01 -.729300862E-01
 -.573809169E-01 -.410546799E-01 -.240954511E-01 -.664942780E-02  .111371017E-01
  .291195346E-01  .471564308E-01  .651106588E-01  .828501959E-01  .100248585E+00
  .117185074E+00  .133617506E+00  .149525450E+00  .164879715E+00  .179643143E+00
  .193771763E+00  .207216440E+00  .219925104E+00  .231845547E+00  .242928697E+00
  .185439755E+00  .180771584E+00  .173184367E+00  .163838853E+00  .153850074E+00
  .143526005E+00  .132899551E+00  .121946847E+00  .110634104E+00  .989262734E-01
  .868163611E-01  .743278302E-01  .614916484E-01  .483464488E-01  .349387220E-01
  .213229959E-01  .756196115E-02 -.627349297E-02 -.201043660E-01 -.338437845E-01
 -.473974193E-01 -.606641024E-01 -.735366647E-01 -.859030039E-01 -.976473882E-01
 -.108651992E+00 -.118798646E+00 -.127970781E+00 -.136055517E+00 -.142945862E+00
 -.148542954E+00 -.152758270E+00 -.155515747E+00 -.156753721E+00 -.156426618E+00
 -.154506329E+00 -.150983199E+00 -.145866595E+00 -.139185024E+00 -.130985779E+00
 -.121334135E+00 -.110312127E+00 -.980169462E-01 -.845590310E-01 -.700599283E-01
 -.546500064E-01 -.384661121E-01 -.216492612E-01 -.434244372E-02  .133113784E-01
  .311710192E-01  .490985090E-01  .669601933E-01  .846274653E-01  .101977120E+00
  .118891301E+00  .135338377E+00  .151296872E+00  .166735458E+00  .181613112E+00
  .195879677E+00  .209477109E+00  .222341671E+00  .234407219E+00  .245609577E+00
  .187428836E+00  .183401806E+00  .174708113E+00  .164551505E+00  .154400232E+00
  .144090155E+00  .133535121E+00  .122686968E+00  .111506523E+00  .999568691E-01
  .880252710E-01  .757333266E-01  .631103455E-01  .501934644E-01  .370277722E-01
  .236664170E-01  .101706660E-01 -.339011231E-02 -.169385776E-01 -.303896860E-01
 -.436511266E-01 -.566239483E-01 -.692033956E-01 -.812799657E-01 -.927406908E-01
 -.103470642E+00 -.113354637E+00 -.122279133E+00 -.130134258E+00 -.136815944E+00
 -.142228088E+00 -.146284703E+00 -.148911953E+00 -.150050023E+00 -.149654752E+00
 -.147698938E+00 -.144173295E+00 -.139086979E+00 -.132467687E+00 -.124361304E+00
 -.114831102E+00 -.103956540E+00 -.918316945E-01 -.785633860E-01 -.642690862E-01
 -.490746753E-01 -.331121447E-01 -.165173282E-01  .572253240E-03  .180193584E-01
  .356887354E-01  .534485197E-01  .711712802E-01  .887347004E-01  .106021939E+00
  .122927179E+00  .139437335E+00  .155529650E+00  .171170012E+00  .186311511E+00
  .200893419E+00  .214841042E+00  .228067163E+00  .240475825E+00  .251968938E+00
  .185900084E+00  .181513449E+00  .173851889E+00  .164477153E+00  .154637050E+00
  .144548253E+00  .134212602E+00  .123599959E+00  .112675191E+00  .101403044E+00
  .897657356E-01  .777845337E-01  .654883118E-01  .529136259E-01  .401047938E-01
  .271139649E-01  .140011473E-01  .834164223E-03 -.123114952E-01 -.253529582E-01
 -.382004100E-01 -.507577187E-01 -.629232577E-01 -.745909399E-01 -.856514644E-01
 -.959937724E-01 -.105506697E+00 -.114080780E+00 -.121610226E+00 -.127994937E+00
 -.133142585E+00 -.136970653E+00 -.139408372E+00 -.140398495E+00 -.139898837E+00
 -.137883506E+00 -.134343790E+00 -.129288647E+00 -.122744765E+00 -.114756206E+00
 -.105383616E+00 -.947030456E-01 -.828044264E-01 -.697897448E-01 -.557710024E-01
 -.408680310E-01 -.252062451E-01 -.891441779E-02  .787744107E-02  .250400270E-01
  .424464297E-01  .599734958E-01  .775027884E-01  .949210272E-01  .112119803E+00
  .129036727E+00  .145664518E+00  .161984888E+00  .177965966E+00  .193558775E+00
  .208693021E+00  .223272942E+00  .237174820E+00  .250248973E+00  .262329404E+00
  .185619587E+00  .181486750E+00  .173651362E+00  .164255130E+00  .154647327E+00
  .144875283E+00  .134885988E+00  .124635330E+00  .114086645E+00  .103207297E+00
  .919753214E-01  .804132413E-01  .685507904E-01  .564249104E-01  .440798147E-01
  .315670614E-01  .189455891E-01  .628167999E-02 -.635118341E-02 -.188725942E-01
 -.311956533E-01 -.432275778E-01 -.548704995E-01 -.660224627E-01 -.765786229E-01
 -.864326406E-01 -.954782541E-01 -.103611009E+00 -.110730104E+00 -.116740321E+00
 -.121553973E+00 -.125092817E+00 -.127289877E+00 -.128091093E+00 -.127456753E+00
 -.125362633E+00 -.121800801E+00 -.116780054E+00 -.110325946E+00 -.102480418E+00
 -.933010210E-01 -.828597724E-01 -.712416704E-01 -.585429335E-01 -.448690208E-01
 -.303325068E-01 -.150508863E-01  .855616146E-03  .172661583E-01  .340612431E-01
  .511244703E-01  .683440213E-01  .856138416E-01  .102834537E+00  .119914146E+00
  .136845916E+00  .153632555E+00  .170268770E+00  .186736991E+00  .203001104E+00
  .218997134E+00  .234619945E+00  .249706402E+00  .264020741E+00  .277258398E+00
  .183990895E+00  .179924486E+00  .172343834E+00  .163384911E+00  .154293310E+00
  .145036820E+00  .135545419E+00  .125780835E+00  .115716954E+00  .105331274E+00
  .946021275E-01  .835544045E-01  .722199190E-01  .606367972E-01  .488496332E-01
  .369096459E-01  .248747769E-01  .128096956E-01  .785685180E-03 -.111196114E-01
 -.228226014E-01 -.342343253E-01 -.452612206E-01 -.558060749E-01 -.657691655E-01
 -.750495792E-01 -.835466967E-01 -.911618166E-01 -.977998866E-01 -.103371300E+00
 -.107793710E+00 -.110993803E+00 -.112908979E+00 -.113488872E+00 -.112696654E+00
 -.110510071E+00 -.106922168E+00 -.101941655E+00 -.955929054E-01 -.879155724E-01
 -.789638324E-01 -.688052735E-01 -.575194698E-01 -.451962854E-01 -.319339659E-01
 -.178370802E-01 -.301437620E-02  .124233821E-01  .283655339E-01  .447035364E-01
  .613328145E-01  .781543753E-01  .950760814E-01  .112013381E+00  .128930252E+00
  .145849859E+00  .162795249E+00  .179787927E+00  .196844999E+00  .213973862E+00
  .231162264E+00  .248358723E+00  .265431507E+00  .282082830E+00  .297719099E+00
  .179926160E+00  .175377293E+00  .169208814E+00  .161811925E+00  .153707863E+00
  .145165218E+00  .136280530E+00  .127082635E+00  .117575462E+00  .107752674E+00
  .976027270E-01  .871453236E-01  .764152300E-01  .654520542E-01  .543008105E-01
  .430122874E-01  .316432591E-01  .202565517E-01  .892096563E-02 -.228895302E-02
 -.132932990E-01 -.240073618E-01 -.343423524E-01 -.442063054E-01 -.535051532E-01
 -.621439649E-01 -.700283325E-01 -.770658805E-01 -.831678699E-01 -.882508548E-01
 -.922383489E-01 -.950624496E-01 -.966653674E-01 -.970008051E-01 -.960351345E-01
 -.937483215E-01 -.901345588E-01 -.852025741E-01 -.789755933E-01 -.714909518E-01
 -.627993586E-01 -.529638334E-01 -.420583458E-01 -.301661992E-01 -.173782057E-01
 -.379070573E-02  .104965142E-01  .253823542E-01  .407665389E-01  .565517253E-01
  .726455599E-01  .889626904E-01  .105426782E+00  .121974472E+00  .138636930E+00
  .155453370E+00  .172471453E+00  .189748248E+00  .207351548E+00  .225361537E+00
  .243873131E+00  .263000625E+00  .282891018E+00  .303761718E+00  .325704032E+00
  .180840500E+00  .177080776E+00  .169350755E+00  .161445421E+00  .153641764E+00
  .145590442E+00  .137247731E+00  .128611582E+00  .119683036E+00  .110459733E+00
  .100935638E+00  .911208832E-01  .810512234E-01  .707665128E-01  .603113542E-01
  .497355019E-01  .390940862E-01  .284476821E-01  .178622326E-01  .740882434E-02
 -.283668779E-02 -.127942126E-01 -.223801136E-01 -.315080605E-01 -.400900360E-01
 -.480374889E-01 -.552626173E-01 -.616797604E-01 -.672068673E-01 -.717670103E-01
 -.752898981E-01 -.777133453E-01 -.789846498E-01 -.790618281E-01 -.779146621E-01
 -.755255140E-01 -.718898734E-01 -.670166069E-01 -.609278936E-01 -.536588382E-01
 -.452567683E-01 -.357802294E-01 -.252977055E-01 -.138860995E-01 -.162901190E-02
  .113851358E-01  .250650922E-01  .393188405E-01  .540557031E-01  .691884651E-01
  .846355086E-01  .100322968E+00  .116186935E+00  .132231692E+00  .148499638E+00
  .165044920E+00  .181936689E+00  .199263295E+00  .217138018E+00  .235707248E+00
  .255162582E+00  .275759146E+00  .297839063E+00  .321792742E+00  .347160092E+00
  .177696095E+00  .173443025E+00  .167760850E+00  .161060735E+00  .153833509E+00
  .146279835E+00  .138452888E+00  .130365260E+00  .122018888E+00  .113411924E+00
  .104540578E+00  .954028434E-01  .860324766E-01  .764678289E-01  .667519753E-01
  .569328672E-01  .470634209E-01  .372015100E-01  .274098412E-01  .177557074E-01
  .831060644E-02 -.850277752E-03 -.964873556E-02 -.180043340E-01 -.258353558E-01
 -.330598661E-01 -.395968919E-01 -.453676920E-01 -.502970925E-01 -.543148534E-01
 -.573570308E-01 -.593672921E-01 -.602981435E-01 -.601120247E-01 -.587822305E-01
 -.562936217E-01 -.526430915E-01 -.478397662E-01 -.419049208E-01 -.348716061E-01
 -.267839898E-01 -.176964261E-01 -.767227411E-02  .321750416E-02  .148959336E-01
  .272817676E-01  .402913453E-01  .538405334E-01  .678467257E-01  .822308854E-01
  .969196292E-01  .111847369E+00  .126992959E+00  .142387870E+00  .158075688E+00
  .174114791E+00  .190582204E+00  .207578984E+00  .225237665E+00  .243732472E+00
  .263292946E+00  .284220774E+00  .306907695E+00  .331867262E+00  .359966131E+00
  .178646220E+00  .175149344E+00  .168463226E+00  .161312151E+00  .154303524E+00
  .147159183E+00  .139822509E+00  .132277673E+00  .124517493E+00  .116536913E+00
  .108331583E+00  .998974674E-01  .912537362E-01  .824372018E-01  .734890601E-01
  .644550630E-01  .553855515E-01  .463353830E-01  .373637577E-01  .285339398E-01
  .199128658E-01  .115706353E-01  .357987833E-02 -.398499744E-02 -.110486788E-01
 -.175359270E-01 -.233726533E-01 -.284870700E-01 -.328108925E-01 -.362805638E-01
 -.388384692E-01 -.404341032E-01 -.410251530E-01 -.405784612E-01 -.390708296E-01
 -.364896350E-01 -.328332264E-01 -.281110856E-01 -.223437350E-01 -.155623909E-01
 -.780836260E-02  .867789161E-03  .104073160E-01  .207445444E-01  .318083067E-01
  .435235133E-01  .558128323E-01  .685984539E-01  .818039123E-01  .953559486E-01
  .109186411E+00  .123254416E+00  .137575047E+00  .152173030E+00  .167084523E+00
  .182359583E+00  .198065549E+00  .214291741E+00  .231156017E+00  .248814098E+00
  .267473223E+00  .287413446E+00  .309029929E+00  .333015401E+00  .362554174E+00
  .176359539E+00  .172477764E+00  .167250888E+00  .161155213E+00  .154699385E+00
  .148050319E+00  .141235893E+00  .134252915E+00  .127093905E+00  .119752683E+00
  .112225196E+00  .104509401E+00  .966081213E-01  .885553738E-01  .803899274E-01
  .721550482E-01  .638983129E-01  .556714152E-01  .475299248E-01  .395329747E-01
  .317428604E-01  .242245421E-01  .170450445E-01  .102727534E-01  .397661300E-02
 -.177476860E-02 -.691409194E-02 -.113764007E-01 -.151001554E-01 -.180283220E-01
 -.201094450E-01 -.212986752E-01 -.215587191E-01 -.208606789E-01 -.191847506E-01
 -.165207551E-01 -.128684781E-01 -.823780207E-02 -.264861867E-02  .386948062E-02
  .112777335E-01  .195289441E-01  .285684137E-01  .383350411E-01  .487625711E-01
  .597809642E-01  .713178621E-01  .833001316E-01  .956554661E-01  .108313994E+00
  .121224150E+00  .134384096E+00  .147798610E+00  .161479937E+00  .175448881E+00
  .189736186E+00  .204384292E+00  .219449534E+00  .235005005E+00  .251144412E+00
  .267987807E+00  .285691206E+00  .304464907E+00  .324621770E+00  .345600885E+00
  .176383244E+00  .173036086E+00  .167366668E+00  .161125464E+00  .155008760E+00
  .148853899E+00  .142595734E+00  .136205917E+00  .129670310E+00  .122982022E+00
  .116138599E+00  .109140624E+00  .101990924E+00  .947076075E-01  .873279296E-01
  .798931075E-01  .724481593E-01  .650417096E-01  .577257445E-01  .505552984E-01
  .435880656E-01  .368839265E-01  .305043879E-01  .245119343E-01  .189692958E-01
  .139386410E-01  .948070326E-02  .565386004E-02  .251318096E-02  .109468784E-03
 -.151168251E-02 -.231078574E-02 -.225528735E-02 -.132029587E-02  .510813284E-03
  .324593931E-02  .688396261E-02  .114146301E-01  .168186273E-01  .230678398E-01
  .301257997E-01  .379483072E-01  .464842134E-01  .556763435E-01  .654625396E-01
  .757767993E-01  .865504791E-01  .977135817E-01  .109196216E+00  .120946454E+00
  .132947904E+00  .145188145E+00  .157658978E+00  .170356676E+00  .183282217E+00
  .196441371E+00  .209844513E+00  .223505840E+00  .237441551E+00  .251666067E+00
  .266184539E+00  .280977585E+00  .295965964E+00  .310897996E+00  .324967242E+00
  .173837384E+00  .170262909E+00  .165591935E+00  .160348962E+00  .154956443E+00
  .149460488E+00  .143842867E+00  .138091314E+00  .132201486E+00  .126173938E+00
  .120012315E+00  .113722506E+00  .107312319E+00  .100791452E+00  .941880118E-01
  .875414382E-01  .808943687E-01  .742924834E-01  .677842859E-01  .614208121E-01
  .552552686E-01  .493425958E-01  .437389546E-01  .385011381E-01  .336859121E-01
  .293492929E-01  .255457713E-01  .223274996E-01  .197434553E-01  .178386028E-01
  .166530728E-01  .162213833E-01  .165717239E-01  .177253265E-01  .196959427E-01
  .224894469E-01  .261035798E-01  .305278409E-01  .357435388E-01  .417239964E-01
  .484349084E-01  .558348408E-01  .638758593E-01  .725042676E-01  .816614275E-01
  .912846806E-01  .101308127E+00  .111663246E+00  .122307273E+00  .133212802E+00
  .144354339E+00  .155708200E+00  .167252417E+00  .178966577E+00  .190831490E+00
  .202828514E+00  .214938280E+00  .227138406E+00  .239399597E+00  .251679127E+00
  .263910171E+00  .275984629E+00  .287727150E+00  .298864505E+00  .309019431E+00
  .171116652E+00  .167425375E+00  .163477304E+00  .159242515E+00  .154725787E+00
  .149977453E+00  .145039425E+00  .139937952E+00  .134690521E+00  .129310774E+00
  .123811006E+00  .118203426E+00  .112500875E+00  .106717318E+00  .100868230E+00
  .949861238E-01  .891112817E-01  .832864954E-01  .775568770E-01  .719695772E-01
  .665734596E-01  .614187067E-01  .565563585E-01  .520377858E-01  .479141030E-01
  .442355285E-01  .410507024E-01  .384059755E-01  .363446811E-01  .349064084E-01
  .341262939E-01  .340343506E-01  .346548515E-01  .360057894E-01  .380984258E-01
  .409369472E-01  .445182377E-01  .488317762E-01  .538596580E-01  .595767422E-01
  .659509206E-01  .729434914E-01  .805096332E-01  .885989927E-01  .971561242E-01
  .106121981E+00  .115434230E+00  .125061900E+00  .134970874E+00  .145127176E+00
  .155496657E+00  .166044750E+00  .176736264E+00  .187535160E+00  .198404217E+00
  .209304437E+00  .220193988E+00  .231026399E+00  .241747684E+00  .252292084E+00
  .262576324E+00  .272492872E+00  .281904138E+00  .290641838E+00  .298517287E+00
  .169346142E+00  .165587095E+00  .162255978E+00  .158717245E+00  .154818616E+00
  .150672928E+00  .146329712E+00  .141820790E+00  .137169908E+00  .132396485E+00
  .127517715E+00  .122549899E+00  .117509348E+00  .112413033E+00  .107279090E+00
  .102127241E+00  .969888869E-01  .919039132E-01  .869141710E-01  .820630211E-01
  .773951304E-01  .729561192E-01  .687921556E-01  .649494902E-01  .614739356E-01
  .584103040E-01  .558018141E-01  .536894762E-01  .521114655E-01  .511024986E-01
  .506932269E-01  .509096636E-01  .517726592E-01  .532974369E-01  .554932059E-01
  .583628635E-01  .619027977E-01  .661027905E-01  .709460109E-01  .764091011E-01
  .824623813E-01  .890700778E-01  .961905389E-01  .103777542E+00  .111776044E+00
  .120152550E+00  .128872825E+00  .137901740E+00  .147202183E+00  .156734798E+00
  .166457665E+00  .176326042E+00  .186292231E+00  .196305582E+00  .206312660E+00
  .216257460E+00  .226081559E+00  .235723973E+00  .245120552E+00  .254202806E+00
  .262896330E+00  .271119375E+00  .278782605E+00  .285791339E+00  .292051333E+00
  .169075649E+00  .165640819E+00  .162267884E+00  .158868419E+00  .155335149E+00
  .151635845E+00  .147777874E+00  .143778712E+00  .139657108E+00  .135431219E+00
  .131118578E+00  .126736502E+00  .122302564E+00  .117835033E+00  .113353285E+00
  .108878188E+00  .104432520E+00  .100041992E+00  .957460033E-01  .915838922E-01
  .875962714E-01  .838243784E-01  .803097636E-01  .770938811E-01  .742176091E-01
  .717207551E-01  .696415509E-01  .680161343E-01  .668780170E-01  .662575528E-01
  .661814251E-01  .666721668E-01  .677477193E-01  .694210341E-01  .716997324E-01
  .745858462E-01  .780756641E-01  .821596835E-01  .868225627E-01  .920430404E-01
  .977943866E-01  .104044575E+00  .110752316E+00  .117892450E+00  .125437299E+00
  .133356970E+00  .141619075E+00  .150188218E+00  .159025262E+00  .168086602E+00
  .177323479E+00  .186681456E+00  .196100197E+00  .205513739E+00  .214851398E+00
  .224039344E+00  .233002729E+00  .241668032E+00  .249965193E+00  .257829164E+00
  .265200680E+00  .272026387E+00  .278258718E+00  .283856065E+00  .288783761E+00
  .168409242E+00  .164866048E+00  .162167642E+00  .159275777E+00  .156117301E+00
  .152800787E+00  .149354173E+00  .145794562E+00  .142137462E+00  .138398431E+00
  .134593412E+00  .130738899E+00  .126852103E+00  .122951159E+00  .119055333E+00
  .115185253E+00  .111363129E+00  .107612949E+00  .103960456E+00  .100435323E+00
  .970754564E-01  .939177232E-01  .909993093E-01  .883572800E-01  .860279648E-01
  .840465354E-01  .824466280E-01  .812599539E-01  .805158439E-01  .802407800E-01
  .804579644E-01  .811869417E-01  .824432703E-01  .842381597E-01  .865781213E-01
  .894646873E-01  .928943065E-01  .968587244E-01  .101345002E+00  .106333268E+00
  .111800263E+00  .117732994E+00  .124112621E+00  .130918746E+00  .138128783E+00
  .145717414E+00  .153655886E+00  .161911099E+00  .170444464E+00  .179210563E+00
  .188155717E+00  .197216626E+00  .206319406E+00  .215379518E+00  .224303178E+00
  .232990745E+00  .241342096E+00  .249263227E+00  .256672713E+00  .263506671E+00
  .269721402E+00  .275293494E+00  .280217554E+00  .284502161E+00  .288165087E+00
  .168969384E+00  .165849668E+00  .162893525E+00  .160013154E+00  .157093829E+00
  .154090703E+00  .150998299E+00  .147823224E+00  .144576015E+00  .141269138E+00
  .137916423E+00  .134532873E+00  .131134598E+00  .127738818E+00  .124363918E+00
  .121029526E+00  .117756617E+00  .114567621E+00  .111486532E+00  .108539099E+00
  .105752572E+00  .103153654E+00  .100775714E+00  .986525171E-01  .968161867E-01
  .952974157E-01  .941254375E-01  .933279770E-01  .929307057E-01  .929566951E-01
  .934260343E-01  .943556015E-01  .957591633E-01  .976469049E-01  .100024895E+00
  .102894420E+00  .106250860E+00  .110087483E+00  .114402213E+00  .119188265E+00
  .124436248E+00  .130136133E+00  .136276204E+00  .142842972E+00  .149820808E+00
  .157191336E+00  .164932553E+00  .173017588E+00  .181413017E+00  .190076673E+00
  .198954876E+00  .207979173E+00  .217062882E+00  .226098327E+00  .234956518E+00
  .243491845E+00  .251553649E+00  .259003037E+00  .265729326E+00  .271661126E+00
  .276771107E+00  .281075320E+00  .284627025E+00  .287504409E+00  .289794130E+00
  .168775349E+00  .165605460E+00  .163167498E+00  .160724869E+00  .158111605E+00
  .155411699E+00  .152642817E+00  .149813646E+00  .146933055E+00  .144011609E+00
  .141061564E+00  .138096632E+00  .135131786E+00  .132183146E+00  .129267919E+00
  .126404394E+00  .123611955E+00  .120911099E+00  .118323457E+00  .115871781E+00
  .113579864E+00  .111472428E+00  .109575522E+00  .107915651E+00  .106518983E+00
  .105410851E+00  .104615302E+00  .104157061E+00  .104059161E+00  .104341758E+00
  .105021866E+00  .106112693E+00  .107627350E+00  .109576487E+00  .111967838E+00
  .114806293E+00  .118094188E+00  .121832227E+00  .126020394E+00  .130657353E+00
  .135740579E+00  .141266644E+00  .147231194E+00  .153628844E+00  .160452907E+00
  .167694899E+00  .175343716E+00  .183384358E+00  .191796009E+00  .200549203E+00
  .209601698E+00  .218892518E+00  .228333528E+00  .237798084E+00  .247108313E+00
  .256029570E+00  .264291590E+00  .271644841E+00  .277912301E+00  .283002214E+00
  .286907801E+00  .289705936E+00  .291554622E+00  .292671001E+00  .293271437E+00
  .169389753E+00  .166544260E+00  .163957657E+00  .161530200E+00  .159132240E+00
  .156706810E+00  .154238007E+00  .151725691E+00  .149176350E+00  .146599780E+00
  .144007758E+00  .141413443E+00  .138831089E+00  .136275893E+00  .133763920E+00
  .131312069E+00  .128938054E+00  .126660397E+00  .124498401E+00  .122472122E+00
  .120602297E+00  .118910256E+00  .117417810E+00  .116146964E+00  .115119591E+00
  .114357152E+00  .113880492E+00  .113709774E+00  .113864013E+00  .114360652E+00
  .115215340E+00  .116441903E+00  .118052678E+00  .120058363E+00  .122467942E+00
  .125288762E+00  .128526751E+00  .132186767E+00  .136272943E+00  .140788874E+00
  .145737838E+00  .151123034E+00  .156947772E+00  .163215617E+00  .169930436E+00
  .177096309E+00  .184717205E+00  .192796289E+00  .201334648E+00  .210329074E+00
  .219768344E+00  .229627049E+00  .239855088E+00  .250358364E+00  .260957390E+00
  .271289896E+00  .280693125E+00  .288520273E+00  .294608593E+00  .298824320E+00
  .301204561E+00  .301887155E+00  .301116272E+00  .299602585E+00  .297916194E+00
  .169194417E+00  .166375326E+00  .164126169E+00  .162108044E+00  .160054865E+00
  .157935334E+00  .155759440E+00  .153539597E+00  .151288170E+00  .149017755E+00
  .146741371E+00  .144472521E+00  .142225207E+00  .140013942E+00  .137853753E+00
  .135760191E+00  .133749337E+00  .131837792E+00  .130042664E+00  .128381528E+00
  .126872377E+00  .125533532E+00  .124383539E+00  .123441016E+00  .122724477E+00
  .122252156E+00  .122041844E+00  .122110724E+00  .122475176E+00  .123150595E+00
  .124151269E+00  .125490334E+00  .127179807E+00  .129230607E+00  .131652609E+00
  .134454767E+00  .137645310E+00  .141231997E+00  .145222416E+00  .149624300E+00
  .154445882E+00  .159696289E+00  .165385986E+00  .171527269E+00  .178134805E+00
  .185226225E+00  .192822740E+00  .200949740E+00  .209637260E+00  .218920145E+00
  .228837612E+00  .239431861E+00  .250745697E+00  .262821077E+00  .275717114E+00
  .289723535E+00  .305414160E+00  .310820242E+00  .318720607E+00  .321105991E+00
  .320887691E+00  .321150701E+00  .312469946E+00  .306579971E+00  .302127369E+00
  .169045354E+00  .166167547E+00  .164368262E+00  .162776455E+00  .161015303E+00
  .159153911E+00  .157228208E+00  .155259509E+00  .153264481E+00  .151258026E+00
  .149254275E+00  .147267029E+00  .145310001E+00  .143396967E+00  .141541870E+00
  .139758886E+00  .138062460E+00  .136467327E+00  .134988505E+00  .133641274E+00
  .132441141E+00  .131403787E+00  .130544998E+00  .129880579E+00  .129426259E+00
  .129197578E+00  .129209783E+00  .129477713E+00  .130015685E+00  .130837395E+00
  .131955848E+00  .133383320E+00  .135131367E+00  .137210866E+00  .139632104E+00
  .142404920E+00  .145538903E+00  .149043654E+00  .152929106E+00  .157205907E+00
  .161885886E+00  .166982596E+00  .172511997E+00  .178493283E+00  .184949926E+00
  .191911002E+00  .199412892E+00  .207501482E+00  .216234985E+00  .225687509E+00
  .235953380E+00  .247151878E+00  .259431590E+00  .272976799E+00  .288051315E+00
  .304795045E+00  .316598393E+00  .324976499E+00  .331483691E+00  .331764662E+00
  .331997874E+00  .324989936E+00  .316439068E+00  .309204128E+00  .303389387E+00
  .170116633E+00  .167489255E+00  .165464601E+00  .163762575E+00  .162101341E+00
  .160401784E+00  .158659792E+00  .156887642E+00  .155100260E+00  .153312291E+00
  .151537638E+00  .149789575E+00  .148080966E+00  .146424463E+00  .144832664E+00
  .143318211E+00  .141893846E+00  .140572432E+00  .139366951E+00  .138290499E+00
  .137356259E+00  .136577487E+00  .135967481E+00  .135539549E+00  .135306969E+00
  .135282941E+00  .135480520E+00  .135912554E+00  .136591604E+00  .137529879E+00
  .138739172E+00  .140230833E+00  .142015763E+00  .144104457E+00  .146507089E+00
  .149233659E+00  .152294195E+00  .155699023E+00  .159459103E+00  .163586442E+00
  .168094604E+00  .172999327E+00  .178319307E+00  .184077194E+00  .190300896E+00
  .197025319E+00  .204294747E+00  .212166155E+00  .220713893E+00  .230036421E+00
  .240266014E+00  .251582729E+00  .264234221E+00  .278557627E+00  .294783510E+00
  .309865224E+00  .320049932E+00  .328585950E+00  .331991246E+00  .332806381E+00
  .329486190E+00  .321409932E+00  .313300186E+00  .306425616E+00  .300685739E+00
  .170169615E+00  .167337824E+00  .165964620E+00  .164704954E+00  .163216468E+00
  .161644361E+00  .160032749E+00  .158404345E+00  .156776029E+00  .155162118E+00
  .153575364E+00  .152027518E+00  .150529768E+00  .149093048E+00  .147728226E+00
  .146446203E+00  .145257926E+00  .144174374E+00  .143206521E+00  .142365320E+00
  .141661686E+00  .141106512E+00  .140710691E+00  .140485149E+00  .140440865E+00
  .140588878E+00  .140940274E+00  .141506144E+00  .142297519E+00  .143325296E+00
  .144600155E+00  .146132497E+00  .147932407E+00  .150009665E+00  .152373815E+00
  .155034291E+00  .158000624E+00  .161282701E+00  .164891103E+00  .168837496E+00
  .173135104E+00  .177799276E+00  .182848172E+00  .188303639E+00  .194192343E+00
  .200547292E+00  .207409934E+00  .214833135E+00  .222885564E+00  .231658374E+00
  .241275912E+00  .251913593E+00  .263826493E+00  .277355079E+00  .292295700E+00
  .305051755E+00  .313881138E+00  .320863557E+00  .323209351E+00  .323213558E+00
  .318726740E+00  .311492065E+00  .305004936E+00  .299404736E+00  .294552617E+00
  .172043766E+00  .169527277E+00  .167569007E+00  .165943839E+00  .164399510E+00
  .162854437E+00  .161305728E+00  .159767195E+00  .158252799E+00  .156774008E+00
  .155340350E+00  .153960397E+00  .152642488E+00  .151395145E+00  .150227200E+00
  .149147758E+00  .148166050E+00  .147291282E+00  .146532498E+00  .145898507E+00
  .145397887E+00  .145039045E+00  .144830330E+00  .144780174E+00  .144897205E+00
  .145190345E+00  .145668844E+00  .146342251E+00  .147220341E+00  .148312976E+00
  .149629949E+00  .151180832E+00  .152974850E+00  .155020818E+00  .157327167E+00
  .159902055E+00  .162753575E+00  .165890030E+00  .169320263E+00  .173054014E+00
  .177102296E+00  .181477793E+00  .186195281E+00  .191272113E+00  .196728785E+00
  .202589638E+00  .208883726E+00  .215645903E+00  .222918182E+00  .230751391E+00
  .239207172E+00  .248360436E+00  .258303028E+00  .269143178E+00  .280540889E+00
  .290181505E+00  .297544602E+00  .302576934E+00  .305085146E+00  .304873108E+00
  .301779251E+00  .297494426E+00  .293402892E+00  .289573770E+00  .286031613E+00
  .172150728E+00  .169313000E+00  .168249127E+00  .167021373E+00  .165502258E+00
  .163936496E+00  .162393217E+00  .160899616E+00  .159466308E+00  .158097257E+00
  .156794649E+00  .155561195E+00  .154401063E+00  .153320022E+00  .152325153E+00
  .151424342E+00  .150625729E+00  .149937222E+00  .149366169E+00  .148919201E+00
  .148602265E+00  .148420820E+00  .148380152E+00  .148485717E+00  .148743464E+00
  .149160065E+00  .149743032E+00  .150500693E+00  .151442051E+00  .152576520E+00
  .153913586E+00  .155462443E+00  .157231671E+00  .159229025E+00  .161461381E+00
  .163934864E+00  .166655115E+00  .169627677E+00  .172858399E+00  .176353813E+00
  .180121409E+00  .184169817E+00  .188508869E+00  .193149575E+00  .198103987E+00
  .203384926E+00  .209005458E+00  .214977927E+00  .221312144E+00  .228011938E+00
  .235068461E+00  .242446812E+00  .250058680E+00  .257710666E+00  .265047044E+00
  .271602557E+00  .276983673E+00  .280949423E+00  .283387353E+00  .284312809E+00
  .283917235E+00  .282576466E+00  .280694789E+00  .278556753E+00  .276329866E+00
  .175117692E+00  .172616201E+00  .170397329E+00  .168382860E+00  .166495576E+00
  .164743498E+00  .163141693E+00  .161676502E+00  .160325241E+00  .159069705E+00
  .157898093E+00  .156804837E+00  .155789971E+00  .154857977E+00  .154016281E+00
  .153273684E+00  .152639004E+00  .152120038E+00  .151722923E+00  .151451891E+00
  .151309435E+00  .151296846E+00  .151414998E+00  .151665195E+00  .152049882E+00
  .152573120E+00  .153240798E+00  .154060603E+00  .155041758E+00  .156194515E+00
  .157529426E+00  .159056504E+00  .160784440E+00  .162720077E+00  .164868231E+00
  .167231898E+00  .169812812E+00  .172612206E+00  .175631590E+00  .178873307E+00
  .182340775E+00  .186038398E+00  .189971221E+00  .194144385E+00  .198562398E+00
  .203228179E+00  .208141752E+00  .213298403E+00  .218685950E+00  .224280697E+00
  .230041472E+00  .235901328E+00  .241757569E+00  .247464021E+00  .252834507E+00
  .257665736E+00  .261773595E+00  .265024572E+00  .267353388E+00  .268770614E+00
  .269361304E+00  .269267769E+00  .268655802E+00  .267680481E+00  .266467729E+00
  .176910457E+00  .174354600E+00  .171803008E+00  .169257793E+00  .166798634E+00
  .164795949E+00  .163262735E+00  .161931162E+00  .160738300E+00  .159648214E+00
  .158635561E+00  .157689204E+00  .156809932E+00  .156007048E+00  .155294364E+00
  .154686616E+00  .154196914E+00  .153835109E+00  .153606839E+00  .153513174E+00
  .153550985E+00  .153714264E+00  .153996222E+00  .154391414E+00  .154897209E+00
  .155514470E+00  .156247704E+00  .157104963E+00  .158097560E+00  .159239336E+00
  .160545156E+00  .162028797E+00  .163700970E+00  .165568137E+00  .167632148E+00
  .169890664E+00  .172338426E+00  .174969307E+00  .177778372E+00  .180763042E+00
  .183923143E+00  .187260223E+00  .190776519E+00  .194473820E+00  .198352288E+00
  .202409198E+00  .206637532E+00  .211024304E+00  .215548518E+00  .220178700E+00
  .224870095E+00  .229561960E+00  .234175914E+00  .238616937E+00  .242778678E+00
  .246553507E+00  .249845489E+00  .252582867E+00  .254727069E+00  .256276658E+00
  .257265548E+00  .257755552E+00  .257824919E+00  .257556238E+00  .257027028E+00
  .178416440E+00  .175767525E+00  .172955686E+00  .169898459E+00  .166562946E+00
  .164163243E+00  .162656063E+00  .161569034E+00  .160709514E+00  .159881679E+00
  .159071470E+00  .158271492E+00  .157496151E+00  .156776491E+00  .156146287E+00
  .155634610E+00  .155264040E+00  .155049368E+00  .154996784E+00  .155103164E+00
  .155354636E+00  .155729038E+00  .156203373E+00  .156760371E+00  .157390691E+00
  .158092202E+00  .158868688E+00  .159729393E+00  .160689825E+00  .161772885E+00
  .163006690E+00  .164416663E+00  .166019229E+00  .167821268E+00  .169820155E+00
  .172003732E+00  .174351074E+00  .176839788E+00  .179454420E+00  .182188173E+00
  .185040463E+00  .188013967E+00  .191112218E+00  .194337745E+00  .197690597E+00
  .201167098E+00  .204758743E+00  .208451122E+00  .212222875E+00  .216044686E+00
  .219878484E+00  .223677135E+00  .227385034E+00  .230940040E+00  .234277022E+00
  .237332843E+00  .240052102E+00  .242392563E+00  .244329203E+00  .245856100E+00
  .246985810E+00  .247746432E+00  .248177060E+00  .248322661E+00  .248229426E+00
  .180001433E+00  .177424847E+00  .174618635E+00  .171468131E+00  .167800290E+00
  .164886504E+00  .162532873E+00  .161289477E+00  .160439637E+00  .159988682E+00
  .159446050E+00  .158722633E+00  .157922547E+00  .157164961E+00  .156524810E+00
  .156037414E+00  .155744892E+00  .155668667E+00  .155809986E+00  .156179335E+00
  .156745636E+00  .157429400E+00  .158164378E+00  .158918453E+00  .159682317E+00
  .160457480E+00  .161249585E+00  .162065947E+00  .162917820E+00  .163835205E+00
  .164903253E+00  .166196905E+00  .167711338E+00  .169471604E+00  .171451127E+00
  .173656694E+00  .176003671E+00  .178409494E+00  .180853296E+00  .183337896E+00
  .185873597E+00  .188472575E+00  .191145976E+00  .193902023E+00  .196744745E+00
  .199673151E+00  .202680733E+00  .205755168E+00  .208878166E+00  .212025452E+00
  .215166966E+00  .218267405E+00  .221287236E+00  .224184317E+00  .226916106E+00
  .229442345E+00  .231727895E+00  .233745329E+00  .235476868E+00  .236915342E+00
  .238064041E+00  .238935528E+00  .239549668E+00  .239931263E+00  .240107682E+00
  .181819708E+00  .179567711E+00  .177113541E+00  .174399145E+00  .171438180E+00
  .168341364E+00  .164809558E+00  .163025098E+00  .161320320E+00  .161048199E+00
  .160464849E+00  .159414318E+00  .158041483E+00  .156990891E+00  .156390822E+00
  .155663418E+00  .155390180E+00  .155601761E+00  .155740272E+00  .156495962E+00
  .157819564E+00  .159051906E+00  .160136696E+00  .161103922E+00  .161987251E+00
  .162812828E+00  .163596485E+00  .164341298E+00  .165032270E+00  .165616528E+00
  .166169530E+00  .167614640E+00  .168717747E+00  .170802657E+00  .172469086E+00
  .175142048E+00  .177646899E+00  .179992195E+00  .182240817E+00  .184434238E+00
  .186607715E+00  .188791908E+00  .191011812E+00  .193285475E+00  .195623389E+00
  .198028605E+00  .200497311E+00  .203019572E+00  .205580073E+00  .208158823E+00
  .210731876E+00  .213272144E+00  .215750381E+00  .218136377E+00  .220400361E+00
  .222514522E+00  .224454529E+00  .226200873E+00  .227739867E+00  .229064177E+00
  .230172816E+00  .231070646E+00  .231767463E+00  .232276831E+00  .232614836E+00
  .183836254E+00  .182200837E+00  .180325354E+00  .178140790E+00  .175662048E+00
  .172971103E+00  .170210448E+00  .167476621E+00  .164226918E+00  .164132889E+00
  .163018779E+00  .161369959E+00  .158964197E+00  .157478376E+00  .157379114E+00
  .156015886E+00  .155732139E+00  .156588959E+00  .156135250E+00  .157273605E+00
  .159642487E+00  .161309199E+00  .162587609E+00  .163633754E+00  .164536660E+00
  .165350467E+00  .166106526E+00  .166815974E+00  .167466742E+00  .168020722E+00
  .168675679E+00  .170017078E+00  .171308622E+00  .173259394E+00  .175074229E+00
  .177542191E+00  .179910073E+00  .182019123E+00  .183929859E+00  .185704286E+00
  .187403223E+00  .189081994E+00  .190784608E+00  .192540623E+00  .194365675E+00
  .196264033E+00  .198231453E+00  .200257493E+00  .202327191E+00  .204422252E+00
  .206521952E+00  .208603921E+00  .210644917E+00  .212621634E+00  .214511565E+00
  .216293884E+00  .217950281E+00  .219465692E+00  .220828839E+00  .222032527E+00
  .223073679E+00  .223953100E+00  .224675032E+00  .225246546E+00  .225676850E+00
  .122765319E+01  .124679977E+01  .126020727E+01  .127657287E+01  .129300183E+01
  .131032199E+01  .132806214E+01  .134734380E+01  .136622894E+01  .138521354E+01
  .140471354E+01  .142569595E+01  .144661748E+01  .146822201E+01  .149075107E+01
  .151387763E+01  .153785303E+01  .156227852E+01  .158774216E+01  .161405594E+01
  .164121025E+01  .166911758E+01  .169807127E+01  .172804124E+01  .175905854E+01
  .179114302E+01  .182434457E+01  .185880278E+01  .189454747E+01  .193166419E+01
  .197017384E+01  .201021899E+01  .205186635E+01  .209520823E+01  .214044908E+01
  .218757066E+01  .223666711E+01  .228818788E+01  .234189752E+01  .239826478E+01
  .245726437E+01  .251930130E+01  .258463397E+01  .265314349E+01  .272557377E+01
  .280222397E+01  .288339659E+01  .296932822E+01  .306047218E+01  .315858016E+01
  .326286632E+01  .337434368E+01  .349533954E+01  .362624815E+01  .376751761E+01
  .392326857E+01  .409466317E+01  .428479273E+01  .449989473E+01  .474424328E+01
  .503361118E+01  .538245283E+01  .583268697E+01  .651813479E+01  .983263434E+01
   90   49
  .106386350E+01  .000000000E+00  .106504983E+01  .100000000E+00  .107034467E+01
  .200000000E+00  .107906250E+01  .294616182E+00  .108599784E+01  .350000000E+00
  .110394228E+01  .450000000E+00  .111579448E+01  .500000000E+00  .113218750E+01
  .556404045E+00  .115875000E+01  .629237146E+00  .118531250E+01  .686375442E+00
  .121187500E+01  .733024760E+00  .123843750E+01  .772036397E+00  .126500000E+01
  .804834004E+00  .130981904E+01  .850000000E+00  .134468750E+01  .878796754E+00
  .137789339E+01  .900000000E+00  .142437500E+01  .924584958E+00  .147750000E+01
  .942701017E+00  .151435561E+01  .950000000E+00  .155718750E+01  .954948913E+00
  .161031250E+01  .953796895E+00  .163884026E+01  .950000000E+00  .169000000E+01
  .939363254E+00  .174312500E+01  .921258064E+00  .178716257E+01  .900000000E+00
  .182281250E+01  .881158810E+00  .186938405E+01  .850000000E+00  .190250000E+01
  .826089710E+00  .193325214E+01  .800000000E+00  .198218750E+01  .754693727E+00
  .200875000E+01  .727176783E+00  .203531250E+01  .696564709E+00  .207160835E+01
  .650000000E+00  .210553027E+01  .600000000E+00  .213482369E+01  .550000000E+00
  .216028166E+01  .500000000E+00  .218268577E+01  .450000000E+00  .220269043E+01
  .400000000E+00  .222125000E+01  .348433873E+00  .224781250E+01  .262354687E+00
  .226353730E+01  .200000000E+00  .227437500E+01  .138635256E+00  .228198780E+01
  .500000000E-01  .227585312E+01 -.500000000E-01  .226742540E+01 -.100000000E+00
  .224781250E+01 -.178236163E+00  .222554882E+01 -.250000000E+00  .220784266E+01
 -.300000000E+00  .218883209E+01 -.350000000E+00  .216812500E+01 -.401086089E+00
  .214156250E+01 -.461752939E+00  .211500000E+01 -.516847536E+00  .208843750E+01
 -.566729229E+00  .206187500E+01 -.612012358E+00  .203531250E+01 -.653341929E+00
  .200263042E+01 -.700000000E+00  .196470325E+01 -.750000000E+00  .192906250E+01
 -.794351655E+00  .190250000E+01 -.826045769E+00  .187593750E+01 -.855610750E+00
  .183447238E+01 -.900000000E+00  .179625000E+01 -.941249926E+00  .176968750E+01
 -.969044645E+00  .173679639E+01 -.100000000E+01  .169000000E+01 -.104666935E+01
  .166343750E+01 -.107455451E+01  .163229576E+01 -.110000000E+01  .158375000E+01
 -.114582517E+01  .155763543E+01 -.117717278E+01  .153062500E+01 -.114443556E+01
  .149023924E+01 -.110000000E+01  .145093750E+01 -.105698985E+01  .142437500E+01
 -.102417937E+01  .139781250E+01 -.987060753E+00  .137125000E+01 -.946999107E+00
  .134173291E+01 -.900000000E+00  .131230885E+01 -.850000000E+00  .128484085E+01
 -.800000000E+00  .125905695E+01 -.750000000E+00  .123477051E+01 -.700000000E+00
  .121187500E+01 -.649941747E+00  .118531250E+01 -.587783823E+00  .115875000E+01
 -.518837501E+00  .113533364E+01 -.450000000E+00  .112031796E+01 -.400000000E+00
  .110562500E+01 -.342922526E+00  .108636664E+01 -.250000000E+00  .107870812E+01
 -.200000000E+00  .106806930E+01 -.100000000E+00  .106386350E+01  .000000000E+00
  .101600000E+01  .000000000E+00  .101600000E+01  .400000000E+00  .101600000E+01
  .415000000E+00  .101600000E+01  .121730000E+01  .114830000E+01  .135150000E+01
  .141290000E+01  .135150000E+01  .141290000E+01  .131140000E+01  .138680000E+01
  .131140000E+01  .138680000E+01  .128950000E+01  .139740000E+01  .127120000E+01
  .160780000E+01  .109460000E+01  .164650000E+01  .107680000E+01  .178450000E+01
  .107680000E+01  .207010000E+01  .104000000E+01  .212820000E+01  .992600000E+00
  .224510000E+01  .708600000E+00  .232310000E+01  .519200000E+00  .237670000E+01
  .389100000E+00  .235220000E+01  .400000000E+00  .235110000E+01  .337400000E+00
  .235110000E+01  .205200000E+00  .235360000E+01  .683700000E-01  .235400000E+01
  .000000000E+00  .235440000E+01 -.683700000E-01  .235290000E+01 -.205200000E+00
  .235050000E+01 -.337400000E+00  .235270000E+01 -.400000000E+00  .237670000E+01
 -.389000000E+00  .213400000E+01 -.973000000E+00  .178570000E+01 -.117440000E+01
  .176800000E+01 -.121070000E+01  .176800000E+01 -.125400000E+01  .168200000E+01
 -.125400000E+01  .167400000E+01 -.126200000E+01  .167400000E+01 -.132900000E+01
  .168100000E+01 -.133900000E+01  .175400000E+01 -.133900000E+01  .175400000E+01
 -.136750000E+01  .168900000E+01 -.136750000E+01  .168900000E+01 -.136600000E+01
  .155500000E+01 -.136600000E+01  .141200000E+01 -.136600000E+01  .127300000E+01
 -.136600000E+01  .115300000E+01 -.136600000E+01  .101600000E+01 -.122880000E+01
  .101600000E+01 -.800000000E+00  .101600000E+01 -.415000000E+00  .101600000E+01
 -.400000000E+00  .101600000E+01  .000000000E+00
    0  .170000000E+01    0
  .000000000E+00  .874769499E-01  .124362001E+00  .152803947E+00  .177092629E+00
  .198651406E+00  .218359018E+00  .235411568E+00  .252789157E+00  .269155923E+00
  .284807153E+00  .299910213E+00  .314499318E+00  .328531054E+00  .342255542E+00
  .355695434E+00  .368768410E+00  .381603951E+00  .394221648E+00  .406662285E+00
  .418910914E+00  .431021367E+00  .442985022E+00  .454831592E+00  .466616781E+00
  .478278840E+00  .489885600E+00  .501437873E+00  .512914130E+00  .524406300E+00
  .535837606E+00  .547255746E+00  .558687139E+00  .570095099E+00  .581554818E+00
  .593010588E+00  .604490280E+00  .616050787E+00  .627616003E+00  .639280309E+00
  .650996593E+00  .662788193E+00  .674697093E+00  .686659526E+00  .698776108E+00
  .711003816E+00  .723371491E+00  .735883650E+00  .748523511E+00  .761425842E+00
  .774460883E+00  .787712577E+00  .801225251E+00  .815016450E+00  .829044695E+00
  .843421667E+00  .858163378E+00  .873287887E+00  .888882930E+00  .904986663E+00
  .921759042E+00  .939247403E+00  .957695171E+00  .977595894E+00  .100000000E+01
    0
 $OUT1
 ISHOT	= 96333
 ITIME	= 3337
 BETAP0	= .5
 RZERO	= 1.6955
 QENP	= .0
 ENP	= 1.0
 EMP	= 1.0
 PLASMA	= 971635.7263512265
 EXPMP2	= .3943919198835433 .396435487403528 .2760204237748019
 .1262441279409962 6.814061871975646E-02 4.708815582335840E-02
 2.000515498068832E-02 3.473610264250646E-02 6.396590773225617E-02
 .130111923440767 .181269593697994 .1890723999181258 .2602932279504446
 .2526316591567545 .2222031512259056 .3677691838801697
 .2903142983024511 .2511856536338037 9.106015316974796E-02
 1.949944755692806E-02 -5.405958870172366E-02 -4.940082653838360E-02
 -.109558999270729 6.667118028127748E-02 .1606590599485384
 .2028174493623262 .2080110569869596 .2925771708826641
 .2684249110946899 1.764562045517865E-02 3.072118731895025E-02
 3.387339500861113E-02 6.388787984262612E-02 9.224776038935305E-02
 .1374880264201682 .1813271785020763 .1901278856520901
 .2614592400657705 .2522704587609393 .2216160547105085
 .2700698506650858 .2912697642196999 .2090771570157045 .202981803542648
 .1577408437162422 6.639893800556314E-02 -.106601459607497
 -5.134893192081903E-02 -5.344320131195381E-02 1.967454448003362E-02
 9.009582990826608E-02 .2512488421404911 .2925238657192594
 .3682919101015318 .3948905694498296 .3962356995627914 .27510648437767
 .1319254420793737 6.608424398679870E-02 4.482580711480609E-02
 4.749509163282486E-02 6.316797501426486E-02 8.597636899214413E-02
 7.046674785970565E-02 2.625985857782920E-02 2.635829297487148E-02
 -5.537641943031502E-02 -9.376310057080106E-02
 COILS	= -.174298071973766 -.167744279747956 -.162196354615693
 -.166098380318606 -.162247207323379 -.293945881161215
 -.270617628942992 -.155626296682798 -.168048367291673
 -.172267222923106 -.183735992443638 -.197464432526077
 -.154904889173633 -.130004623809486 -.332140259304875 -.28912245149893
 -9.948770011945150E-02 -6.249958977462820E-02 -.160383511010261
 -.160609054591081 -.158714706282062 -.161484117585085 -.16500722855181
 -.158794332085467 -.167094951549984 -.257483607868582
 -.241038348120403 -.318726585451973 -.26759485204556 -.166762370187689
 -.185070607989613 -.172137892553034 -.144219311201171
 -.120599511157481 -.112781252335349 -.255162959540625
 -.244275880546269 -.36270804595137 -.30249609672592
 -9.951679676053191E-02 -8.295435056484289E-02
 BTOR	= -2.10592608375111
 RCENTR	= 1.6955
 BRSP	= -93617.7745198591 -43160.6425397513 10301.88192721312
 24168.27969064324 30503.46031349277 -146580.178695814
 -99985.9920923932 29076.80529064789 9230.199802993633
 -63590.4151798878 -56397.7841250927 -110510.073055126
 57398.66920402669 48840.02369206697 -190574.16043887 -129768.458098662
 65732.62116082383 120624.2636749657 331.3320927201507
 -480.342910225157 2798.291008811305 -4056.77256142706
 -.379975748311875 .2219991137857478 .2226459501171482
 .1004906776211889 8.982217620165462E-02 .1743322795765246
 7.268695062650039E-02 -.246852907512402 .7528661343827548
 2.53305702586499 1.6043576338337 .2550220870663647
 -5.626122037304819E-03 -.574896224853735 .3064329524452121
 -.516668940420776 .1625241441444407 -.393969624280577
 6.007685932360797E-05 .5792407351924811 .337651034054164
 .3776489494964415 .4836315505877414 .9260511393881654
 .1443045522563778 .8564217248110763 -.667304138096255
 -.471737211882247 -6.485252254286079E-02 .4528527486396231
 .3110901908574537 .510915100721606 .2027033034909649 -.400798721531348
 .2444368545090568 -.542547552413797 -.668866608764549
 7.493406620567362E-02 .6216361793765401 .2278122131880859
 .1715987337664451 .8775374919508957 9.734544989410720E-02
 .300931509866835 .689777666250201 .7469296391505566 .3650551774604299
 -.412793798864409 -.382414009770502 .1125701620990708
 -2.340971302680312E-02 .8030986890816408 1.613694097616887E-02
 .4798101344712444 -.273187464219832 -1.07841002795666
 -.114493731835181 -.17611746789983 -.710069859057044 -.17384210007063
 -.487594561381626 -.64459474171751 1.08495408795038 .2778917705993535
 5.829361793590554E-02 .360082967400575 -5.234136011353811E-02
 .6117965566775977 .1156618765931979 1.32641954742804 -.15529046885418
 -.788325194674929 -1.860760351972769E-02 .1331543850703049
 -.846506052463047 .0 .0 .0 .0 .0 .0 .0 .0 .0 .0 .0 .0 .0 .0 .0 .0 .0
 .0 .0 .0 .0 .0 .0 .0 .0 .0 .0 .0 .0 .0 .0 .0 .0 .0 .0 .0 .0 .0 .0 .0
 .0 .0 .0 .0 .0 .0 .0 .0 .0 .0 .0 .0 .0 .0 .0 .0 .0 .0 .0 .0 .0 .0 .0
 .0 .0 .0 .0 .0 .0 .0 .0 .0 .0 .0 .0 .0 .0 .0 .0 .0 .0 .0 .0 .0 .0 .0
 .0 .0 .0 .0 .0 .0 .0 .0 .0 .0 .0 .0 .0 .0 .0 .0 .0 .0 .0 .0 .0 .0 .0
 .0 .0 .0 .0 .0 .0 .0 .0 .0 .0 .0 .0 .0 .0 .0 .0 .0 .0 .0 .0 .0 .0 .0
 .0 .0 .0 .0 .0 .0 .0 .0 .0 .0 .0 .0 .0 .0 .0 .0 .0 .0 .0 .0 .0 .0 .0
 .0 .0 .0 .0 .0 .0 .0 .0 .0 .0 .0 .0 .0 .0 .0 .0 .0 .0 .0 .0 .0 .0 .0
 .0 .0 .0 .0 .0 .0 .0 .0 .0 .0 .0 .0 .0 .0 .0 .0 .0 .0 .0 .0 .0 .0 .0
 .0 .0 .0 .0 .0 .0 .0 .0 .0 .0 .0 .0 .0 .0 .0 .0 .0 .0 .0 .0 .0 .0 .0
 .0 .0 .0 .0 .0 .0 .0 .0 .0 .0 .0 .0 .0 .0 .0 .0 .0 .0 .0 .0 .0 .0 .0
 .0 .0 .0 .0 .0 .0 .0 .0 .0 .0 .0 .0 .0 .0 .0 .0 .0 .0 .0 .0 .0 .0 .0
 .0
 ICURRT	= 2
 RBDRY	= 1.06386350478527 1.0650498335813 1.07034466514138 1.0790625
 1.08599784001707 1.10394228205359 1.11579448457897 1.1321875 1.15875
 1.1853125 1.211875 1.2384375 1.265 1.309819042692 1.3446875
 1.37789338983088 1.424375 1.4775 1.51435560666596 1.5571875 1.6103125
 1.63884025840846 1.69 1.743125 1.78716257427659 1.8228125
 1.86938404799731 1.9025 1.93325214393846 1.9821875 2.00875 2.0353125
 2.07160834509445 2.10553027285129 2.13482369081103 2.1602816638532
 2.18268577170269 2.20269043097406 2.22125 2.2478125 2.26353729819152
 2.274375 2.28198779573714 2.27585311569446 2.26742540040849 2.2478125
 2.22554881879545 2.2078426566818 2.18883209007178 2.168125 2.1415625
 2.115 2.0884375 2.061875 2.0353125 2.0026304204124 1.96470324731567
 1.9290625 1.9025 1.8759375 1.83447237580677 1.79625 1.7696875
 1.73679639121445 1.69 1.6634375 1.63229575991217 1.58375
 1.55763542759743 1.530625 1.49023924405149 1.4509375 1.424375
 1.3978125 1.37125 1.34173291362035 1.31230885258626 1.28484084587564
 1.2590569481228 1.23477051218316 1.211875 1.1853125 1.15875
 1.13533363566086 1.120317956153 1.105625 1.08636664098513
 1.07870811835424 1.06806929626345 1.06386350478527 1.05888960746993 .0
 .0 .0 .0 .0 .0 .0 .0 .0 .0 .0 .0 .0 .0 .0 .0 .0 .0 .0
 ZBDRY	= .0 .1000000000000001 .2 .294616181674289 .3500000000000001
 .4500000000000002 .5 .5564040450583063 .6292371456415583
 .6863754423005232 .7330247595633369 .7720363968945758
 .8048340036711171 .85 .8787967535797454 .9 .9245849577343462
 .9427010169681422 .9500000000000002 .9549489133959577
 .9537968946850183 .9500000000000002 .9393632541200214 .921258063838734
 .9 .8811588101447407 .85 .8260897103948176 .8000000000000004
 .7546937266738772 .727176783206197 .6965647087484816 .6499999999999999
 .6000000000000001 .5499999999999998 .5 .4500000000000002
 .3999999999999999 .348433872818115 .262354687070202 .2
 .1386352555513754 5.000000000000004E-02 -5.000000000000004E-02 -.1
 -.178236162668446 -.25 -.3 -.35 -.401086089349859 -.461752938597982
 -.516847536276802 -.566729228562469 -.612012358271704
 -.653341929272199 -.7 -.75 -.794351654814128 -.826045768568756
 -.855610749616617 -.9 -.941249925882387 -.969044644898805 -1.0
 -1.04666935067703 -1.07455450731096 -1.1 -1.14582516541182
 -1.1771727836233 -1.14443555886082 -1.1 -1.0569898547226
 -1.02417937106459 -.987060753389962 -.946999106856618 -.9 -.85 -.8
 -.75 -.7 -.649941747453438 -.587783822654516 -.518837501154232 -.45
 -.4 -.342922525770657 -.25 -.2 -.1 .0 .0 .0 .0 .0 .0 .0 .0 .0 .0 .0 .0
 .0 .0 .0 .0 .0 .0 .0 .0 .0
 NBDRY	= 90
 FWTSI	= 1000.0 556.7617022810794 561.7226177225326 565.8070818310486
 566.2116455923154 274.7744306743042 .0 556.3073791351896
 564.3802146106601 557.0870798589437 571.6699823223521
 529.0587804486348 568.2525244802356 562.865076609862 210.9805227193024
 284.5706397297403 448.9236603798563 299.8620012693524
 562.9666597496827 559.1567144313165 543.1275719009324
 569.8788752369572 567.6478000754337 557.4701753699981
 567.3193398670769 406.5247386091336 469.9124971828144
 234.1392696231376 363.5863242959392 562.3915369577202
 558.7955160058892 554.9112053430151 554.5692084238994
 559.9325658754843 529.4420146055415 421.1915334235983
 469.9124971828144 179.7318016528643 257.6689644554026
 443.2327757131539 366.9548576915842
 FWTCUR	= 3.435530266903555E-05
 MXITER	= 25
 NXITER	= 1
 LIMITR	= 48
 XLIM	= 1.016 1.016 1.016 1.016 1.1483 1.4129 1.4129 1.3868 1.3868
 1.3974 1.6078 1.6465 1.7845 2.0701 2.1282 2.2451 2.3231 2.3767 2.3522
 2.3511 2.3511 2.3536 2.354 2.3544 2.3529 2.3505 2.3527 2.3767 2.134
 1.7857 1.768 1.768 1.682 1.674 1.674 1.681 1.754 1.754 1.689 1.689
 1.555 1.412 1.273 1.153 1.016 1.016 1.016 1.016 1.016 .0 .0 .0 .0 .0
 .0 .0 .0 .0 .0 .0 .0 .0 .0 .0 .0 .0 .0 .0 .0 .0 .0 .0 .0 .0 .0 .0 .0
 .0 .0 .0 .0 .0 .0 .0 .0 .0 .0 .0 .0 .0 .0 .0 .0 .0 .0 .0 .0 .0 .0 .0
 .0 .0 .0 .0 .0 .0 .0 .0 .0 .0 .0 .0 .0 .0 .0 .0 .0 .0 .0 .0 .0 .0 .0
 .0 .0 .0 .0 .0 .0 .0 .0 .0 .0 .0 .0 .0 .0 .0 .0 .0 .0 .0 .0 .0 .0 .0
 .0 .0 .0 .0 .0 .0 .0 .0 .0 .0 .0 .0 .0 .0
 YLIM	= .0 .4 .4149999999999999 1.2173 1.3515 1.3515 1.3114 1.3114
 1.2895 1.2712 1.0946 1.0768 1.0768 1.04 .9926 .7086 .5192 .3891 .4
 .3374 .2052 6.837000000000000E-02 .0 -6.837000000000000E-02 -.2052
 -.3374 -.4 -.389 -.973 -1.1744 -1.2107 -1.254 -1.254 -1.262 -1.329
 -1.339 -1.339 -1.3675 -1.3675 -1.366 -1.366 -1.366 -1.366 -1.366
 -1.2288 -.8 -.415 -.4 .0 .0 .0 .0 .0 .0 .0 .0 .0 .0 .0 .0 .0 .0 .0 .0
 .0 .0 .0 .0 .0 .0 .0 .0 .0 .0 .0 .0 .0 .0 .0 .0 .0 .0 .0 .0 .0 .0 .0
 .0 .0 .0 .0 .0 .0 .0 .0 .0 .0 .0 .0 .0 .0 .0 .0 .0 .0 .0 .0 .0 .0 .0
 .0 .0 .0 .0 .0 .0 .0 .0 .0 .0 .0 .0 .0 .0 .0 .0 .0 .0 .0 .0 .0 .0 .0
 .0 .0 .0 .0 .0 .0 .0 .0 .0 .0 .0 .0 .0 .0 .0 .0 .0 .0 .0 .0 .0 .0 .0
 .0 .0 .0 .0
 ERROR	= 1.000000000000000E-03
 ICONVR	= 2
 IBUNMN	= 3
 PRESSR	= .0 .0 .0 .0 .0 .0 .0 .0 .0 .0 .0 .0 .0 .0 .0 .0 .0 .0 .0 .0
 .0 .0 .0 .0 .0 .0 .0 .0 .0 .0 .0 .0 .0 .0 .0 .0 .0 .0 .0 .0 .0 .0 .0
 .0 .0 .0 .0 .0 .0 .0 .0 .0 .0 .0 .0 .0 .0 .0 .0 .0 .0 .0 .0 .0 .0 .0
 .0 .0 .0 .0 .0 .0 .0 .0 .0 .0 .0 .0 .0 .0 .0 .0 .0 .0 .0 .0 .0 .0 .0
 .0 .0 .0 .0 .0 .0 .0 .0 .0 .0 .0 .0 .0 .0 .0 .0 .0 .0 .0 .0 .0 .0 .0
 .0 .0 .0 .0 .0 .0 .0 .0 .0 .0 .0 .0 .0 .0 .0 .0 .0 .0 .0 .0
 RPRESS	= .0 .0 .0 .0 .0 .0 .0 .0 .0 .0 .0 .0 .0 .0 .0 .0 .0 .0 .0 .0
 .0 .0 .0 .0 .0 .0 .0 .0 .0 .0 .0 .0 .0 .0 .0 .0 .0 .0 .0 .0 .0 .0 .0
 .0 .0 .0 .0 .0 .0 .0 .0 .0 .0 .0 .0 .0 .0 .0 .0 .0 .0 .0 .0 .0 .0 .0
 .0 .0 .0 .0 .0 .0 .0 .0 .0 .0 .0 .0 .0 .0 .0 .0 .0 .0 .0 .0 .0 .0 .0
 .0 .0 .0 .0 .0 .0 .0 .0 .0 .0 .0 .0 .0 .0 .0 .0 .0 .0 .0 .0 .0 .0 .0
 .0 .0 .0 .0 .0 .0 .0 .0 .0 .0 .0 .0 .0 .0 .0 .0 .0 .0 .0 .0
 QPSI	= 1.22765319079758 1.24679977334216 1.26020727371202
 1.27657287067812 1.29300182528496 1.31032198650901 1.3280621410346
 1.34734379996777 1.36622893514984 1.38521354473056 1.4047135380201
 1.42569595283384 1.44661748293708 1.46822200629575 1.49075107225964
 1.5138776301135 1.53785302673357 1.56227851672354 1.58774215531636
 1.61405594205835 1.64121024723181 1.66911758357368 1.69807126788351
 1.72804123751785 1.7590585396201 1.79114302288001 1.82434457348223
 1.85880278233956 1.89454747123486 1.93166419063083 1.97017384048686
 2.01021898535821 2.05186635289855 2.09520822750554 2.14044908092863
 2.1875706580736 2.2366671068475 2.28818788478162 2.34189751684108
 2.39826477707426 2.45726437254148 2.51930130089536 2.58463396871745
 2.65314348655084 2.72557376586984 2.8022239693466 2.88339658650709
 2.9693282217515 3.06047217661656 3.15858016007282 3.26286631849859
 3.37434368456437 3.49533954475635 3.62624814835023 3.76751761241683
 3.92326856878003 4.09466317357912 4.28479273239303 4.49989473306521
 4.74424328438912 5.0336111785911 5.38245283154808 5.83268697118946
 6.51813479395322 9.83263433693748
 PRESSW	= .0 .0 .0 .0 .0 .0 .0 .0 .0 .0 .0 .0 .0 .0 .0 .0 .0 .0 .0 .0
 .0 .0 .0 .0 .0 .0 .0 .0 .0 .0 .0 .0 .0 .0 .0 .0 .0 .0 .0 .0 .0 .0 .0
 .0 .0 .0 .0 .0 .0 .0 .0 .0 .0 .0 .0 .0 .0 .0 .0 .0 .0 .0 .0 .0 .0
 PRES	= 28228.00539322471 27202.05998875243 26199.39143515931
 25219.7718707211 24262.97343371355 23328.7682624124 22416.92849509339
 21527.22627003226 20659.43372550477 19813.32299978666
 18988.66623115366 18185.23555788152 17402.80311824599
 16641.14105052282 15900.02149298774 15179.2165839165 14478.49846158484
 13797.63926426851 13136.41113024325 12494.58619778481
 11871.93660516893 11268.23449067136 10683.25199256783
 10116.76124913409 9568.534398645893 9038.343579378974
 8525.960929609081 8031.158587611955 7553.708691663344
 7093.383380038988 6649.954791014633 6223.195062866024
 5812.876333868904 5418.770742299018 5040.650426432109
 4678.287524543921 4331.454174910199 3999.922515806686
 3683.464685509128 3381.852822293267 3094.859064434848
 2822.255550209615 2563.814417893312 2319.307805761683
 2088.507852090473 1871.186695155425 1667.116473232283
 1476.069324596792 1297.817387524695 1132.132800291738
 978.7877011736626 837.5542284462147 708.2045203851377
 590.5107152661758 484.244951365073 389.1793669575735 305.0861003194214
 231.7372897263607 168.9050734541356 116.3615897784901 73.8789769751683
 41.2293733199143 18.18491708847219 4.51774655658606 .0
 NQPSI	= 65
 $END
 $BASIS
 KPPFNC	= 0
 KPPKNT	= 0
 PPKNT	= .0 .0 .0 .0 .0 .0 .0 .0 .0 .0 .0 .0 .0 .0 .0 .0 .0 .0 .0 .0 .0
 .0 .0 .0 .0 .0 .0 .0 .0 .0 .0 .0 .0 .0 .0 .0
 PPTENS	= .0
 KFFFNC	= 0
 KFFKNT	= 0
 FFKNT	= .0 .0 .0 .0 .0 .0 .0 .0 .0 .0 .0 .0 .0 .0 .0 .0 .0 .0 .0 .0 .0
 .0 .0 .0 .0 .0 .0 .0 .0 .0 .0 .0 .0 .0 .0 .0
 FFTENS	= .0
 KWWFNC	= 0
 KWWKNT	= 0
 WWKNT	= .0 .0 .0 .0 .0 .0 .0 .0 .0 .0 .0 .0 .0 .0 .0 .0 .0 .0 .0 .0 .0
 .0 .0 .0 .0 .0 .0 .0 .0 .0 .0 .0 .0 .0 .0 .0
 WWTENS	= .0
 PPBDRY	= 249473.5756951717 -361669.955934235 .0 .0 .0 .0 .0 .0 .0 .0
 .0 .0 .0 .0 .0 .0 .0 .0 .0 .0 .0 .0 .0 .0 .0 .0 .0 .0 .0 .0 .0 .0 .0
 .0 .0 .0
 PP2BDRY	= .0 .0 .0 .0 .0 .0 .0 .0 .0 .0 .0 .0 .0 .0 .0 .0 .0 .0 .0 .0
 .0 .0 .0 .0 .0 .0 .0 .0 .0 .0 .0 .0 .0 .0 .0 .0
 KPPBDRY	= 0 0 0 0 0 0 0 0 0 0 0 0 0 0 0 0 0 0 0 0 0 0 0 0 0 0 0 0 0 0
 0 0 0 0 0 0
 KPP2BDRY	= 0 0 0 0 0 0 0 0 0 0 0 0 0 0 0 0 0 0 0 0 0 0 0 0 0 0 0 0 0 0
 0 0 0 0 0 0
 FFBDRY	= 2.64766960214978 -3.83841185920418 .0 .0 .0 .0 .0 .0 .0 .0 .0
 .0 .0 .0 .0 .0 .0 .0 .0 .0 .0 .0 .0 .0 .0 .0 .0 .0 .0 .0 .0 .0 .0 .0
 .0 .0
 FF2BDRY	= .0 .0 .0 .0 .0 .0 .0 .0 .0 .0 .0 .0 .0 .0 .0 .0 .0 .0 .0 .0
 .0 .0 .0 .0 .0 .0 .0 .0 .0 .0 .0 .0 .0 .0 .0 .0
 KFFBDRY	= 0 0 0 0 0 0 0 0 0 0 0 0 0 0 0 0 0 0 0 0 0 0 0 0 0 0 0 0 0 0
 0 0 0 0 0 0
 KFF2BDRY	= 0 0 0 0 0 0 0 0 0 0 0 0 0 0 0 0 0 0 0 0 0 0 0 0 0 0 0 0 0 0
 0 0 0 0 0 0
 WWBDRY	= -286.099386964234 167.1522739092685 .0 .0 .0 .0 .0 .0 .0 .0
 .0 .0 .0 .0 .0 .0 .0 .0 .0 .0 .0 .0 .0 .0 .0 .0 .0 .0 .0 .0 .0 .0 .0
 .0 .0 .0
 WW2BDRY	= .0 .0 .0 .0 .0 .0 .0 .0 .0 .0 .0 .0 .0 .0 .0 .0 .0 .0 .0 .0
 .0 .0 .0 .0 .0 .0 .0 .0 .0 .0 .0 .0 .0 .0 .0 .0
 KWWBDRY	= 0 0 0 0 0 0 0 0 0 0 0 0 0 0 0 0 0 0 0 0 0 0 0 0 0 0 0 0 0 0
 0 0 0 0 0 0
 KWW2BDRY	= 0 0 0 0 0 0 0 0 0 0 0 0 0 0 0 0 0 0 0 0 0 0 0 0 0 0 0 0 0 0
 0 0 0 0 0 0
 KEEFNC	= 0
 KEEKNT	= 0
 EEKNT	= .0 .0 .0 .0 .0 .0 .0 .0 .0 .0 .0 .0 .0 .0 .0 .0 .0 .0
 EETENS	= 5.0
 EEBDRY	= .0 .0 .0 .0 .0 .0 .0 .0 .0 .0 .0 .0 .0 .0 .0 .0 .0 .0
 EE2BDRY	= .0 .0 .0 .0 .0 .0 .0 .0 .0 .0 .0 .0 .0 .0 .0 .0 .0 .0
 KEEBDRY	= 0 0 0 0 0 0 0 0 0 0 0 0 0 0 0 0 0 0
 KEE2BDRY	= 0 0 0 0 0 0 0 0 0 0 0 0 0 0 0 0 0 0
 $END
 $CHIOUT
 SAISIL	= .2502229777783413 .2952936821664807 .1836118039213598
 6.216684864736290E-02 .1678754642891383 .3535766937246173 .0
 2.609788714264045E-02 3.945106421844589E-02 .227353809254958
 .8350384244004315 1.619356379819547E-02 .1598372787379973
 4.10330620040109 1.883576124682746E-02 .6400559275234762
 .2259809549574652 .1161317758866493 .5160180004841564
 .4622098712074864 .9481071142931643 8.888308614759287E-02
 .328351240281635 .2094391393423733 .1647144661815897
 7.856355328826009E-02 5.797366150098187E-03 .1339058584325836
 .1650193891031975 .3152462984980036 2.912513022355702E-02
 .1107031451241447 3.33483190291719 1.02916629845651 .2489065752480821
 .2658258288025157 1.977401227376624E-02 .1936217990394907
 .1845329400715385 1.148806468592429E-03 .1363442263249518
 SAIMPI	= 5.204431254699959E-02 .0 .0 .31740285848969
 4.029023075885338E-02 .0 .0 7.149173022745998E-02 .0
 7.300736000227127E-02 .0 .3504759003767463 4.872875326560103E-02 .0
 .3012637402946656 .0 .5465716629632729 .0 2.412770644842066E-03 .0
 2.260268988969266E-02 .0 .0 4.742094119199423E-02
 1.280990455541680E-02 7.111258436302137E-03 2.036892805154912E-02
 .4391250826645294 2.199624902104135E-04 2.299687162717902E-04
 .1551032759851721 3.971494715751398E-02 9.167309972402748E-02
 2.025271283493798E-04 1.242670426165358E-02 .3635780455481314
 6.035478629354101E-02 3.986398928269668E-03 .1065542220742877
 .1922964368248487 1.148799928919976E-02 .4566613845149698
 .5381951054923007 .1023983247454813 .2762572559681118
 .2463847207202393 .1610071445122076 4.853369480502144E-02
 .1340578594683056 .4828272997775046 .119297590119356 .176440563321104
 .6083730653372397 6.735465863248358E-02 6.240193162898299E-02
 3.784602332907629E-02 .8847479678418333 6.198215568690440E-02
 9.952936604910640E-03 .1273315650977592 2.393898006637136E-02
 .2833599398605226 3.900753068179831E-04 1.17950172252923
 1.517904685037462E-02 .0 .4265683276950608 1.637458550509034E-02
 SAIPR	= .0
 SAIIP	= 2.256832341140282E-03
 $END
  000570  15-Jun-1998 17:13:58 096333.03337 MAG
