      56
    0.000000000000e+00
    2.953793852715e-03
    6.955503698682e-03
    1.366074226422e-02
    2.428964331623e-02
    4.066461911785e-02
    6.267507815464e-02
    8.982672401060e-02
    1.209732899489e-01
    1.554468068911e-01
    1.916996228238e-01
    2.300920158320e-01
    2.682952462171e-01
    3.081076455883e-01
    3.459776850331e-01
    3.853839716291e-01
    4.222658652233e-01
    4.603447701673e-01
    4.957859093573e-01
    5.305963575249e-01
    5.624278416661e-01
    5.931275557332e-01
    6.211004584984e-01
    6.485640539840e-01
    6.734724344252e-01
    6.981287276846e-01
    7.208813514248e-01
    7.429059316338e-01
    7.640818901933e-01
    7.837416185332e-01
    8.030443381155e-01
    8.210515611486e-01
    8.382398036332e-01
    8.551053039353e-01
    8.708201220405e-01
    8.861065905086e-01
    9.013048849542e-01
    9.158251903319e-01
    9.301021031808e-01
    9.444934605593e-01
    9.585542292769e-01
    9.723372023135e-01
    9.862663424443e-01
    1.000000000000e+00
    1.013309503686e+00
    1.026720481802e+00
    1.040011226911e+00
    1.052805792483e+00
    1.065672164514e+00
    1.078510379567e+00
    1.090795157642e+00
    1.103151167211e+00
    1.115566699650e+00
    1.127368717035e+00
    1.139232746692e+00
    1.151158489782e+00
