      69
    0.000000000000e+00
    2.000000000000e-04
    5.670712488395e-04
    1.656235824588e-03
    3.378011027234e-03
    5.835494122582e-03
    9.084904154790e-03
    1.324171309283e-02
    1.837779151863e-02
    2.461671689786e-02
    3.205948521320e-02
    4.082325033461e-02
    5.105221333007e-02
    6.285190335733e-02
    7.637531144308e-02
    9.174269402938e-02
    1.090396650990e-01
    1.283629037588e-01
    1.497609397550e-01
    1.732196776749e-01
    1.986751149931e-01
    2.259629735210e-01
    2.548822788300e-01
    2.852828454738e-01
    3.170585285724e-01
    3.499650241172e-01
    3.835471512378e-01
    4.171183031961e-01
    4.499208489055e-01
    4.814514275822e-01
    5.113261903665e-01
    5.393920355426e-01
    5.656971728107e-01
    5.905059807910e-01
    6.141447656606e-01
    6.369583849306e-01
    6.592074244807e-01
    6.810654510951e-01
    7.026955686169e-01
    7.242506921821e-01
    7.457430941986e-01
    7.671399380591e-01
    7.884269675822e-01
    8.095768338968e-01
    8.304649828446e-01
    8.509935989403e-01
    8.711352022137e-01
    8.909152890199e-01
    9.103813319507e-01
    9.295040096933e-01
    9.481544393766e-01
    9.661331556296e-01
    9.832668931974e-01
    1.000000000000e+00
    1.016749386548e+00
    1.034032014599e+00
    1.051990180765e+00
    1.062458844957e+00
    1.070200854571e+00
    1.089340589654e+00
    1.108600680417e+00
    1.128144760164e+00
    1.147778262856e+00
    1.167274457794e+00
    1.186464835487e+00
    1.205242491663e+00
    1.220000000000e+00
    1.240000000000e+00
    1.260000000000e+00
