     254
    0.000000000000e+00
    3.968556924083e-04
    1.000858286041e-03
    1.922605536309e-03
    3.188472027517e-03
    4.824156789301e-03
    6.857605137183e-03
    9.308296492347e-03
    1.218374119284e-02
    1.548074121656e-02
    1.919070993919e-02
    2.330472219734e-02
    2.781885581600e-02
    3.273693797357e-02
    3.806368681185e-02
    4.380880031524e-02
    4.998396103229e-02
    5.660032525787e-02
    6.366571486416e-02
    7.120829344109e-02
    7.922386498045e-02
    8.765161210660e-02
    9.644310409825e-02
    1.055456289206e-01
    1.149346499278e-01
    1.245023248154e-01
    1.341898589517e-01
    1.439884054312e-01
    1.538254443721e-01
    1.636590104574e-01
    1.734932685683e-01
    1.832689054846e-01
    1.929952409008e-01
    2.026457429860e-01
    2.122237277281e-01
    2.217183379491e-01
    2.311312872879e-01
    2.404579481018e-01
    2.496985672380e-01
    2.588605309256e-01
    2.679311409043e-01
    2.769391446734e-01
    2.858600613499e-01
    2.947271555724e-01
    3.035422527734e-01
    3.122950649124e-01
    3.210315269594e-01
    3.297087046960e-01
    3.383609382310e-01
    3.470038377622e-01
    3.555752615401e-01
    3.641406846603e-01
    3.726815959698e-01
    3.811476277223e-01
    3.896046072812e-01
    3.980134541676e-01
    4.063385081580e-01
    4.146394956496e-01
    4.228751232581e-01
    4.310102400297e-01
    4.391097512541e-01
    4.471450792664e-01
    4.550589732340e-01
    4.629292904873e-01
    4.707531314702e-01
    4.784320048946e-01
    4.860587679723e-01
    4.936394802641e-01
    5.011146677940e-01
    5.084929367990e-01
    5.158254035965e-01
    5.231109434211e-01
    5.302470763851e-01
    5.373308156431e-01
    5.443681692513e-01
    5.513365984341e-01
    5.581745851929e-01
    5.649628815474e-01
    5.717035738314e-01
    5.783715949739e-01
    5.849137996369e-01
    5.914053622712e-01
    5.978477392097e-01
    6.042330186696e-01
    6.104801056342e-01
    6.166737175444e-01
    6.228174874548e-01
    6.289113198140e-01
    6.348985170766e-01
    6.408009177875e-01
    6.466555384178e-01
    6.524628534764e-01
    6.582234739337e-01
    6.638576275841e-01
    6.694411380409e-01
    6.749817427133e-01
    6.804804077113e-01
    6.859381946933e-01
    6.912782743519e-01
    6.965768272749e-01
    7.018392875579e-01
    7.070668534651e-01
    7.122603867220e-01
    7.173672944495e-01
    7.224172517101e-01
    7.274349014886e-01
    7.324199786211e-01
    7.373719174568e-01
    7.422804090622e-01
    7.470922783189e-01
    7.518686219873e-01
    7.566087694504e-01
    7.613111905758e-01
    7.659743453606e-01
    7.705817111959e-01
    7.750951718153e-01
    7.795650023160e-01
    7.839891636473e-01
    7.883657074446e-01
    7.926922269743e-01
    7.969661152300e-01
    8.011361541147e-01
    8.052421489297e-01
    8.092917529862e-01
    8.132837856698e-01
    8.172172382123e-01
    8.210916597132e-01
    8.249058252919e-01
    8.286217159641e-01
    8.322689023631e-01
    8.358593643340e-01
    8.393938149060e-01
    8.428731281406e-01
    8.462983233901e-01
    8.496705502593e-01
    8.529896271913e-01
    8.562284787375e-01
    8.594068994790e-01
    8.625392116368e-01
    8.656269513830e-01
    8.686717090839e-01
    8.716751205872e-01
    8.746388592863e-01
    8.775646289543e-01
    8.804530056753e-01
    8.832930553350e-01
    8.860791043242e-01
    8.888366128598e-01
    8.915687619312e-01
    8.942795236616e-01
    8.969728669018e-01
    8.996531005113e-01
    9.023246012466e-01
    9.049914832371e-01
    9.076571202877e-01
    9.103226042129e-01
    9.129677215202e-01
    9.156152062544e-01
    9.182694080585e-01
    9.209306704347e-01
    9.235987743170e-01
    9.262728193417e-01
    9.289509686647e-01
    9.316309386454e-01
    9.343098734937e-01
    9.369846937921e-01
    9.396531442633e-01
    9.423149424208e-01
    9.449575221385e-01
    9.475753220767e-01
    9.501625756099e-01
    9.527134481607e-01
    9.552221935623e-01
    9.576802347840e-01
    9.600817848521e-01
    9.624217276831e-01
    9.646947232074e-01
    9.668942676788e-01
    9.690199191161e-01
    9.710692948958e-01
    9.730331317470e-01
    9.749130233092e-01
    9.767092020569e-01
    9.784254067692e-01
    9.800653664906e-01
    9.816332984827e-01
    9.831351183868e-01
    9.845736416766e-01
    9.859579143544e-01
    9.872899450474e-01
    9.885767228845e-01
    9.898235772643e-01
    9.910317218782e-01
    9.922121905899e-01
    9.933667206845e-01
    9.944962580177e-01
    9.956130744758e-01
    9.967182582332e-01
    9.978122782305e-01
    9.989041259827e-01
    1.000000000000e+00
    1.001096474816e+00
    1.002197442945e+00
    1.003318116321e+00
    1.004458858230e+00
    1.005621056705e+00
    1.006816638609e+00
    1.008046582692e+00
    1.009314555403e+00
    1.010627978184e+00
    1.011988510200e+00
    1.013401237807e+00
    1.014869428554e+00
    1.016395082735e+00
    1.017980137045e+00
    1.019625481359e+00
    1.021328255037e+00
    1.023088136436e+00
    1.024896793095e+00
    1.026750408632e+00
    1.028629700356e+00
    1.030532707105e+00
    1.032469975350e+00
    1.034436090509e+00
    1.036429322510e+00
    1.038444821704e+00
    1.040480663187e+00
    1.042534728470e+00
    1.044604640550e+00
    1.046689778544e+00
    1.048789277688e+00
    1.050903464240e+00
    1.053032716044e+00
    1.055174879249e+00
    1.057331155724e+00
    1.059472248797e+00
    1.061632728004e+00
    1.063813472880e+00
    1.066015407528e+00
    1.068240092319e+00
    1.070488452006e+00
    1.072761456367e+00
    1.075060591584e+00
    1.077386894487e+00
    1.079741392213e+00
    1.082125387113e+00
    1.084536934800e+00
    1.086973709624e+00
    1.089408256345e+00
    1.091875874453e+00
    1.094377656378e+00
    1.096914674827e+00
    1.099488022023e+00
    1.102098908787e+00
